1 0.6550480769230769 0.29086538461538464 0.1875 0.23076923076923078
1 0.921875 0.546875 0.15384615384615385 0.21634615384615385
1 0.8617788461538461 0.7836538461538461 0.17307692307692307 0.22115384615384615
1 0.18629807692307693 0.41947115384615385 0.1466346153846154 0.2283653846153846
1 0.38822115384615385 0.1502403846153846 0.14423076923076922 0.19230769230769232
1 0.1201923076923077 0.33052884615384615 0.1466346153846154 0.20673076923076922
1 0.04927884615384615 0.9302884615384616 0.09375 0.1346153846153846
1 0.06610576923076923 0.5949519230769231 0.12740384615384615 0.18990384615384615
1 0.6478365384615384 0.5841346153846154 0.14903846153846154 0.20673076923076922
1 0.4735576923076923 0.8461538461538461 0.2091346153846154 0.24519230769230768
1 0.1201923076923077 0.8100961538461539 0.15625 0.25
1 0.7259615384615384 0.7728365384615384 0.16826923076923078 0.23076923076923078
1 0.5300480769230769 0.11177884615384616 0.14903846153846154 0.20673076923076922
2 0.390625 0.5348557692307693 0.3076923076923077 0.40865384615384615
0 0.030048076923076924 0.05889423076923077 0.06009615384615385 0.08173076923076923