1 0.31009615384615385 0.8894230769230769 0.2548076923076923 0.16346153846153846
1 0.10216346153846154 0.9170673076923077 0.19951923076923078 0.16105769230769232
1 0.08052884615384616 0.7391826923076923 0.15625 0.20432692307692307
1 0.12379807692307693 0.48197115384615385 0.23798076923076922 0.18269230769230768
1 0.4831730769230769 0.33774038461538464 0.24519230769230768 0.18269230769230768
1 0.6658653846153846 0.796875 0.21634615384615385 0.15384615384615385
1 0.7776442307692307 0.9266826923076923 0.23798076923076922 0.14182692307692307
1 0.8125 0.6514423076923077 0.23557692307692307 0.15384615384615385
1 0.7487980769230769 0.48197115384615385 0.21153846153846154 0.15384615384615385
1 0.7283653846153846 0.2956730769230769 0.21634615384615385 0.1778846153846154
1 0.8858173076923077 0.12139423076923077 0.21634615384615385 0.1778846153846154
1 0.23076923076923078 0.3125 0.21634615384615385 0.15625
1 0.9326923076923077 0.5649038461538461 0.12980769230769232 0.1466346153846154
1 0.9326923076923077 0.7776442307692307 0.12980769230769232 0.18028846153846154
2 0.375 0.6394230769230769 0.4855769230769231 0.3798076923076923
0 0.49038461538461536 0.203125 0.14423076923076922 0.10817307692307693
0 0.12620192307692307 0.22355769230769232 0.08653846153846154 0.07211538461538461