1 0.17427884615384615 0.8990384615384616 0.22115384615384615 0.1971153846153846
1 0.3173076923076923 0.3389423076923077 0.21875 0.22596153846153846
1 0.578125 0.5853365384615384 0.2091346153846154 0.1971153846153846
1 0.7584134615384616 0.734375 0.15865384615384615 0.22596153846153846
1 0.8413461538461539 0.9266826923076923 0.17307692307692307 0.14423076923076922
1 0.5949519230769231 0.8149038461538461 0.1778846153846154 0.21634615384615385
1 0.46153846153846156 0.7608173076923077 0.20192307692307693 0.2548076923076923
1 0.3605769230769231 0.5504807692307693 0.1778846153846154 0.21634615384615385
1 0.9050480769230769 0.12620192307692307 0.15865384615384615 0.24759615384615385
1 0.20552884615384615 0.5336538461538461 0.16346153846153846 0.22115384615384615
1 0.34134615384615385 0.109375 0.1778846153846154 0.21634615384615385
1 0.9555288461538461 0.38461538461538464 0.08413461538461539 0.2932692307692308
2 0.6550480769230769 0.27524038461538464 0.3894230769230769 0.47115384615384615