1 0.8377403846153846 0.7800480769230769 0.21875 0.1971153846153846
1 0.4543269230769231 0.5084134615384616 0.16826923076923078 0.18269230769230768
1 0.65625 0.6033653846153846 0.22355769230769232 0.16105769230769232
1 0.32211538461538464 0.6538461538461539 0.22596153846153846 0.18509615384615385
1 0.09254807692307693 0.6754807692307693 0.18509615384615385 0.18509615384615385
1 0.8882211538461539 0.12740384615384615 0.21875 0.19230769230769232
1 0.6802884615384616 0.07692307692307693 0.20673076923076922 0.14903846153846154
1 0.18509615384615385 0.09615384615384616 0.22115384615384615 0.1875
1 0.07211538461538461 0.22355769230769232 0.14423076923076922 0.17548076923076922
1 0.07211538461538461 0.39783653846153844 0.14423076923076922 0.17548076923076922
1 0.2608173076923077 0.8677884615384616 0.22355769230769232 0.17067307692307693
1 0.7415865384615384 0.5721153846153846 0.22355769230769232 0.16826923076923078
1 0.8137019230769231 0.33413461538461536 0.18028846153846154 0.16346153846153846
1 0.21875 0.36778846153846156 0.25961538461538464 0.19951923076923078
1 0.38100961538461536 0.9362980769230769 0.20673076923076922 0.125
1 0.3762019230769231 0.06971153846153846 0.20432692307692307 0.1346153846153846
0 0.875 0.4651442307692308 0.10096153846153846 0.08653846153846154
0 0.5228365384615384 0.8701923076923077 0.1346153846153846 0.10096153846153846
2 0.5168269230769231 0.234375 0.4230769230769231 0.33653846153846156