1 0.20072115384615385 0.32091346153846156 0.15144230769230768 0.20192307692307693
1 0.1971153846153846 0.17067307692307693 0.15144230769230768 0.20192307692307693
1 0.5961538461538461 0.10576923076923077 0.15865384615384615 0.20673076923076922
1 0.49158653846153844 0.19831730769230768 0.15865384615384615 0.2403846153846154
1 0.6766826923076923 0.5192307692307693 0.12980769230769232 0.23076923076923078
1 0.5901442307692307 0.7584134615384616 0.16826923076923078 0.27403846153846156
1 0.8293269230769231 0.6117788461538461 0.16105769230769232 0.22596153846153846
1 0.054086538461538464 0.5252403846153846 0.10576923076923077 0.22115384615384615
1 0.8617788461538461 0.2439903846153846 0.17307692307692307 0.21634615384615385
1 0.10576923076923077 0.7776442307692307 0.17548076923076922 0.21634615384615385
1 0.3016826923076923 0.8918269230769231 0.18028846153846154 0.21153846153846154
1 0.7680288461538461 0.859375 0.1466346153846154 0.18990384615384615
1 0.9290865384615384 0.84375 0.13701923076923078 0.1971153846153846
1 0.5216346153846154 0.3762019230769231 0.17067307692307693 0.18990384615384615
1 0.9362980769230769 0.6021634615384616 0.12259615384615384 0.22355769230769232
1 0.7740384615384616 0.4170673076923077 0.125 0.1971153846153846
2 0.34134615384615385 0.6009615384615384 0.4639423076923077 0.4230769230769231