1 0.2283653846153846 0.5336538461538461 0.16105769230769232 0.1971153846153846
1 0.3485576923076923 0.49278846153846156 0.16105769230769232 0.1971153846153846
1 0.8557692307692307 0.7439903846153846 0.16105769230769232 0.21394230769230768
1 0.9266826923076923 0.4026442307692308 0.14423076923076922 0.21634615384615385
1 0.8088942307692307 0.9086538461538461 0.18990384615384615 0.1778846153846154
1 0.5961538461538461 0.3125 0.1875 0.21153846153846154
1 0.953125 0.8605769230769231 0.0889423076923077 0.27403846153846156
2 0.31490384615384615 0.7944711538461539 0.39903846153846156 0.40865384615384615
0 0.5516826923076923 0.43149038461538464 0.0673076923076923 0.0673076923076923
0 0.5673076923076923 0.5 0.057692307692307696 0.08653846153846154
0 0.6189903846153846 0.49278846153846156 0.057692307692307696 0.07692307692307693
0 0.4579326923076923 0.6682692307692307 0.06490384615384616 0.07211538461538461