2 0.7824519230769231 0.41586538461538464 0.36538461538461536 0.6009615384615384
1 0.203125 0.21995192307692307 0.21153846153846154 0.20673076923076922
1 0.34134615384615385 0.5096153846153846 0.15144230769230768 0.18269230769230768
1 0.44711538461538464 0.4651442307692308 0.15144230769230768 0.18269230769230768
1 0.5697115384615384 0.2403846153846154 0.15384615384615385 0.3173076923076923
1 0.43509615384615385 0.23557692307692307 0.14903846153846154 0.20192307692307693
1 0.4831730769230769 0.09975961538461539 0.15144230769230768 0.1971153846153846
1 0.20552884615384615 0.6862980769230769 0.18990384615384615 0.23076923076923078
1 0.21514423076923078 0.8990384615384616 0.19471153846153846 0.1971153846153846
1 0.5733173076923077 0.6838942307692307 0.18269230769230768 0.19230769230769232
1 0.4254807692307692 0.6935096153846154 0.21634615384615385 0.2644230769230769
1 0.8918269230769231 0.7175480769230769 0.1971153846153846 0.2548076923076923
1 0.9074519230769231 0.9002403846153846 0.18028846153846154 0.19471153846153846
1 0.46634615384615385 0.9314903846153846 0.17307692307692307 0.13221153846153846
1 0.6538461538461539 0.8569711538461539 0.21153846153846154 0.2403846153846154
0 0.25841346153846156 0.09615384615384616 0.06490384615384616 0.07211538461538461
1 0.17307692307692307 0.5877403846153846 0.15144230769230768 0.18269230769230768
1 0.7127403846153846 0.09014423076923077 0.15384615384615385 0.1778846153846154