1 0.7596153846153846 0.8221153846153846 0.16826923076923078 0.21634615384615385
1 0.8040865384615384 0.4423076923076923 0.16826923076923078 0.21634615384615385
1 0.05048076923076923 0.9002403846153846 0.10096153846153846 0.19471153846153846
1 0.052884615384615384 0.6213942307692307 0.10576923076923077 0.22355769230769232
1 0.11899038461538461 0.31490384615384615 0.16826923076923078 0.21634615384615385
1 0.5961538461538461 0.18509615384615385 0.19230769230769232 0.22115384615384615
1 0.9050480769230769 0.40384615384615385 0.1875 0.28846153846153844
1 0.44591346153846156 0.35216346153846156 0.17307692307692307 0.1875
1 0.578125 0.6370192307692307 0.16826923076923078 0.20192307692307693
1 0.6069711538461539 0.07572115384615384 0.17067307692307693 0.14903846153846154
0 0.28125 0.03365384615384615 0.07692307692307693 0.0625
0 0.8762019230769231 0.12259615384615384 0.057692307692307696 0.06971153846153846
0 0.09134615384615384 0.4639423076923077 0.06490384615384616 0.08653846153846154
0 0.13221153846153846 0.8725961538461539 0.07692307692307693 0.08173076923076923
0 0.39663461538461536 0.9795673076923077 0.0673076923076923 0.036057692307692304
2 0.2824519230769231 0.6742788461538461 0.39903846153846156 0.4951923076923077