1 0.25721153846153844 0.7103365384615384 0.28365384615384615 0.20673076923076922
1 0.6646634615384616 0.7872596153846154 0.21634615384615385 0.20192307692307693
1 0.45913461538461536 0.24879807692307693 0.2091346153846154 0.18990384615384615
1 0.4951923076923077 0.5637019230769231 0.1971153846153846 0.17307692307692307
1 0.0673076923076923 0.6394230769230769 0.12980769230769232 0.21153846153846154
1 0.21033653846153846 0.22596153846153846 0.22115384615384615 0.16826923076923078
1 0.13942307692307693 0.9350961538461539 0.23076923076923078 0.12740384615384615
1 0.32572115384615385 0.8689903846153846 0.2644230769230769 0.16346153846153846
1 0.9338942307692307 0.9302884615384616 0.12980769230769232 0.13701923076923078
1 0.10216346153846154 0.3557692307692308 0.19951923076923078 0.14903846153846154
0 0.9050480769230769 0.1814903846153846 0.09375 0.08173076923076923
2 0.7776442307692307 0.5456730769230769 0.4423076923076923 0.41346153846153844