1 0.8954326923076923 0.8233173076923077 0.19230769230769232 0.24519230769230768
1 0.5841346153846154 0.7848557692307693 0.19230769230769232 0.24519230769230768
1 0.13341346153846154 0.6117788461538461 0.19230769230769232 0.24519230769230768
1 0.2668269230769231 0.20192307692307693 0.19230769230769232 0.24519230769230768
1 0.38461538461538464 0.4879807692307692 0.19230769230769232 0.24519230769230768
1 0.4387019230769231 0.6322115384615384 0.19230769230769232 0.24519230769230768
1 0.2512019230769231 0.8112980769230769 0.17067307692307693 0.24278846153846154
1 0.46153846153846156 0.08413461538461539 0.1778846153846154 0.16346153846153846
1 0.8137019230769231 0.6129807692307693 0.17548076923076922 0.21153846153846154
1 0.9326923076923077 0.5540865384615384 0.13221153846153846 0.24759615384615385
2 0.6923076923076923 0.28725961538461536 0.41346153846153844 0.49278846153846156