1 0.34134615384615385 0.3137019230769231 0.18509615384615385 0.22596153846153846
1 0.078125 0.5661057692307693 0.15384615384615385 0.21153846153846154
1 0.13822115384615385 0.8004807692307693 0.16826923076923078 0.21634615384615385
1 0.8052884615384616 0.4411057692307692 0.14423076923076922 0.22596153846153846
1 0.6057692307692307 0.17427884615384615 0.14182692307692307 0.1875
1 0.8701923076923077 0.35216346153846156 0.14423076923076922 0.20192307692307693
1 0.9471153846153846 0.9399038461538461 0.10096153846153846 0.11538461538461539
1 0.9290865384615384 0.6153846153846154 0.13701923076923078 0.1875
1 0.34975961538461536 0.6033653846153846 0.14903846153846154 0.20192307692307693
1 0.5216346153846154 0.8605769230769231 0.20673076923076922 0.24278846153846154
1 0.8701923076923077 0.8257211538461539 0.15384615384615385 0.24519230769230768
1 0.27283653846153844 0.7884615384615384 0.1658653846153846 0.22596153846153846
1 0.46634615384615385 0.13701923076923078 0.14903846153846154 0.20192307692307693
2 0.6033653846153846 0.5540865384615384 0.30288461538461536 0.40384615384615385
0 0.9639423076923077 0.08533653846153846 0.0673076923076923 0.08413461538461539