1 0.5204326923076923 0.640625 0.12259615384615384 0.19230769230769232
1 0.8377403846153846 0.453125 0.19951923076923078 0.20432692307692307
1 0.640625 0.6298076923076923 0.16346153846153846 0.23557692307692307
1 0.31971153846153844 0.47836538461538464 0.2091346153846154 0.2932692307692308
1 0.09975961538461539 0.31971153846153844 0.10576923076923077 0.20673076923076922
1 0.7956730769230769 0.8137019230769231 0.10576923076923077 0.20673076923076922
1 0.8846153846153846 0.23677884615384615 0.11538461538461539 0.20192307692307693
1 0.08533653846153846 0.078125 0.16826923076923078 0.15384615384615385
1 0.39903846153846156 0.3173076923076923 0.16826923076923078 0.19230769230769232
2 0.6105769230769231 0.23197115384615385 0.31009615384615385 0.3269230769230769
0 0.2548076923076923 0.07932692307692307 0.05048076923076923 0.06971153846153846
1 0.6622596153846154 0.8161057692307693 0.15384615384615385 0.20192307692307693