1 0.4987980769230769 0.8978365384615384 0.17307692307692307 0.20192307692307693
1 0.16706730769230768 0.6995192307692307 0.17307692307692307 0.20192307692307693
1 0.7391826923076923 0.0985576923076923 0.17307692307692307 0.19230769230769232
1 0.4182692307692308 0.6478365384615384 0.20673076923076922 0.23076923076923078
1 0.32091346153846156 0.7872596153846154 0.16826923076923078 0.18509615384615385
1 0.359375 0.9098557692307693 0.18028846153846154 0.1778846153846154
1 0.6442307692307693 0.7475961538461539 0.17307692307692307 0.20192307692307693
1 0.6682692307692307 0.6225961538461539 0.16346153846153846 0.23557692307692307
1 0.234375 0.2644230769230769 0.1875 0.24278846153846154
1 0.265625 0.0733173076923077 0.17307692307692307 0.14182692307692307
1 0.4338942307692308 0.08052884615384616 0.20192307692307693 0.15625
1 0.056490384615384616 0.546875 0.11057692307692307 0.21634615384615385
1 0.8737980769230769 0.19230769230769232 0.14423076923076922 0.1971153846153846
1 0.8293269230769231 0.5480769230769231 0.16346153846153846 0.28365384615384615
0 0.5697115384615384 0.1346153846153846 0.052884615384615384 0.08413461538461539
2 0.45913461538461536 0.36658653846153844 0.3317307692307692 0.40384615384615385