1 0.234375 0.40865384615384615 0.17307692307692307 0.23557692307692307
1 0.484375 0.37740384615384615 0.17307692307692307 0.23557692307692307
1 0.5288461538461539 0.140625 0.17307692307692307 0.23557692307692307
1 0.3401442307692308 0.22355769230769232 0.16105769230769232 0.21875
1 0.1971153846153846 0.10697115384615384 0.16346153846153846 0.2091346153846154
1 0.2548076923076923 0.6322115384615384 0.16105769230769232 0.21875
1 0.36899038461538464 0.8245192307692307 0.18269230769230768 0.21634615384615385
1 0.42788461538461536 0.5985576923076923 0.18269230769230768 0.21634615384615385
1 0.8701923076923077 0.6682692307692307 0.18269230769230768 0.25961538461538464
1 0.875 0.1201923076923077 0.1875 0.23557692307692307
1 0.7295673076923077 0.27403846153846156 0.23076923076923078 0.24519230769230768
1 0.09254807692307693 0.7295673076923077 0.18269230769230768 0.25961538461538464
1 0.07451923076923077 0.49759615384615385 0.14903846153846154 0.25961538461538464
2 0.6430288461538461 0.8689903846153846 0.38221153846153844 0.25721153846153844