1 0.28966346153846156 0.8449519230769231 0.1778846153846154 0.19230769230769232
1 0.5276442307692307 0.24278846153846154 0.1875 0.22596153846153846
1 0.8293269230769231 0.1141826923076923 0.1875 0.22596153846153846
1 0.9242788461538461 0.28966346153846156 0.14903846153846154 0.21875
1 0.8197115384615384 0.4375 0.1875 0.22596153846153846
1 0.16466346153846154 0.7788461538461539 0.12259615384615384 0.27403846153846156
1 0.7451923076923077 0.8882211538461539 0.1875 0.21875
1 0.7115384615384616 0.6646634615384616 0.1875 0.22596153846153846
1 0.6129807692307693 0.078125 0.18269230769230768 0.15384615384615385
1 0.15144230769230768 0.17307692307692307 0.1875 0.22596153846153846
2 0.359375 0.5288461538461539 0.34134615384615385 0.4375