1 0.3173076923076923 0.9122596153846154 0.17307692307692307 0.17307692307692307
1 0.15625 0.8569711538461539 0.1778846153846154 0.21153846153846154
1 0.5 0.7175480769230769 0.1971153846153846 0.2548076923076923
1 0.6850961538461539 0.9314903846153846 0.16826923076923078 0.13221153846153846
1 0.9014423076923077 0.4254807692307692 0.19230769230769232 0.2403846153846154
1 0.44471153846153844 0.11057692307692307 0.15144230769230768 0.21634615384615385
1 0.7572115384615384 0.8016826923076923 0.18509615384615385 0.22115384615384615
1 0.3641826923076923 0.5048076923076923 0.18509615384615385 0.22115384615384615
1 0.18269230769230768 0.43028846153846156 0.18509615384615385 0.22115384615384615
1 0.6526442307692307 0.0673076923076923 0.21153846153846154 0.12980769230769232
1 0.9375 0.14903846153846154 0.1201923076923077 0.21153846153846154
2 0.6105769230769231 0.31490384615384615 0.3269230769230769 0.40384615384615385