1 0.32211538461538464 0.7307692307692307 0.23557692307692307 0.19951923076923078
1 0.6346153846153846 0.9122596153846154 0.2403846153846154 0.17067307692307693
1 0.8317307692307693 0.5360576923076923 0.23557692307692307 0.19951923076923078
1 0.7512019230769231 0.3581730769230769 0.22115384615384615 0.1778846153846154
1 0.8305288461538461 0.22115384615384615 0.22115384615384615 0.1778846153846154
1 0.640625 0.14423076923076922 0.22596153846153846 0.1778846153846154
1 0.9122596153846154 0.75 0.17067307692307693 0.1778846153846154
1 0.5721153846153846 0.5540865384615384 0.1971153846153846 0.1971153846153846
1 0.8389423076923077 0.0673076923076923 0.21153846153846154 0.12980769230769232
1 0.5 0.4230769230769231 0.20673076923076922 0.18269230769230768
1 0.42788461538461536 0.6009615384615384 0.23317307692307693 0.18269230769230768
1 0.18028846153846154 0.6538461538461539 0.22115384615384615 0.15625
1 0.46033653846153844 0.19471153846153846 0.14903846153846154 0.22115384615384615
2 0.24158653846153846 0.3016826923076923 0.31490384615384615 0.25961538461538464
0 0.08774038461538461 0.5540865384615384 0.07451923076923077 0.0625
0 0.234375 0.109375 0.0625 0.052884615384615384