1 0.3137019230769231 0.5829326923076923 0.22115384615384615 0.16826923076923078
1 0.3786057692307692 0.7379807692307693 0.21634615384615385 0.15144230769230768
1 0.5625 0.5456730769230769 0.21634615384615385 0.15144230769230768
1 0.6069711538461539 0.78125 0.22596153846153846 0.17307692307692307
1 0.6826923076923077 0.1141826923076923 0.22596153846153846 0.17307692307692307
1 0.8798076923076923 0.6959134615384616 0.22596153846153846 0.17307692307692307
1 0.6694711538461539 0.2848557692307692 0.23798076923076922 0.20192307692307693
1 0.6213942307692307 0.3737980769230769 0.18509615384615385 0.2548076923076923
1 0.3737980769230769 0.3233173076923077 0.21153846153846154 0.22355769230769232
1 0.28725961538461536 0.18990384615384615 0.22115384615384615 0.1778846153846154
1 0.0829326923076923 0.16346153846153846 0.16346153846153846 0.15865384615384615
2 0.14423076923076922 0.8088942307692307 0.28365384615384615 0.3004807692307692