1 0.49038461538461536 0.9170673076923077 0.2283653846153846 0.16346153846153846
1 0.7319711538461539 0.359375 0.19471153846153846 0.20673076923076922
1 0.9338942307692307 0.45913461538461536 0.12980769230769232 0.20673076923076922
1 0.5216346153846154 0.5108173076923077 0.14903846153846154 0.21153846153846154
1 0.3112980769230769 0.9182692307692307 0.14423076923076922 0.15865384615384615
1 0.3954326923076923 0.7163461538461539 0.13942307692307693 0.1875
1 0.10096153846153846 0.0985576923076923 0.1971153846153846 0.19230769230769232
1 0.22235576923076922 0.6057692307692307 0.15625 0.1875
1 0.9266826923076923 0.6586538461538461 0.14423076923076922 0.19230769230769232
1 0.9411057692307693 0.8557692307692307 0.11538461538461539 0.19230769230769232
1 0.625 0.5144230769230769 0.12980769230769232 0.16346153846153846
2 0.42427884615384615 0.23918269230769232 0.23317307692307693 0.28125
0 0.4182692307692308 0.4483173076923077 0.04807692307692308 0.0625
0 0.828125 0.5060096153846154 0.04807692307692308 0.0625