1 0.20552884615384615 0.28125 0.14903846153846154 0.21394230769230768
1 0.5805288461538461 0.5384615384615384 0.19471153846153846 0.2283653846153846
1 0.9519230769230769 0.43990384615384615 0.09134615384615384 0.20673076923076922
1 0.9158653846153846 0.6213942307692307 0.1658653846153846 0.23076923076923078
1 0.9050480769230769 0.9122596153846154 0.1778846153846154 0.17307692307692307
1 0.8269230769230769 0.8016826923076923 0.17548076923076922 0.22355769230769232
1 0.9362980769230769 0.8100961538461539 0.125 0.22596153846153846
1 0.7620192307692307 0.40865384615384615 0.19471153846153846 0.2283653846153846
1 0.6069711538461539 0.11057692307692307 0.14903846153846154 0.20673076923076922
1 0.8798076923076923 0.08653846153846154 0.15625 0.16826923076923078
1 0.7391826923076923 0.08653846153846154 0.15625 0.16826923076923078
1 0.07692307692307693 0.08653846153846154 0.15384615384615385 0.16826923076923078
1 0.3088942307692308 0.8810096153846154 0.14182692307692307 0.23317307692307693
2 0.10576923076923077 0.8509615384615384 0.20673076923076922 0.2932692307692308
0 0.5757211538461539 0.9290865384615384 0.07692307692307693 0.0889423076923077