2 0.3942307692307692 0.7247596153846154 0.38461538461538464 0.3173076923076923
1 0.47716346153846156 0.9230769230769231 0.27403846153846156 0.14423076923076922
1 0.8233173076923077 0.2848557692307692 0.25961538461538464 0.17307692307692307
1 0.8617788461538461 0.09254807692307693 0.25961538461538464 0.17307692307692307
1 0.8834134615384616 0.1971153846153846 0.23076923076923078 0.17548076923076922
1 0.9387019230769231 0.5817307692307693 0.11538461538461539 0.1971153846153846
1 0.9387019230769231 0.7403846153846154 0.11538461538461539 0.1971153846153846
1 0.9014423076923077 0.7548076923076923 0.18509615384615385 0.1971153846153846
1 0.4266826923076923 0.3473557692307692 0.2091346153846154 0.17307692307692307
1 0.5300480769230769 0.1466346153846154 0.2091346153846154 0.17307692307692307
1 0.5649038461538461 0.4519230769230769 0.25721153846153844 0.22115384615384615
1 0.19831730769230768 0.09495192307692307 0.21153846153846154 0.13942307692307693
1 0.40865384615384615 0.9819711538461539 0.3076923076923077 0.03125
1 0.0985576923076923 0.7884615384615384 0.1971153846153846 0.2548076923076923
1 0.6454326923076923 0.6009615384615384 0.19230769230769232 0.14423076923076922
1 0.7271634615384616 0.6971153846153846 0.20673076923076922 0.18028846153846154
1 0.38822115384615385 0.4362980769230769 0.2091346153846154 0.17307692307692307