1 0.6935096153846154 0.7091346153846154 0.21153846153846154 0.21875
1 0.5588942307692307 0.6899038461538461 0.20192307692307693 0.18028846153846154
1 0.6454326923076923 0.2512019230769231 0.21394230769230768 0.19230769230769232
1 0.1778846153846154 0.28125 0.20673076923076922 0.16346153846153846
1 0.10336538461538461 0.32211538461538464 0.20192307692307693 0.14903846153846154
1 0.40384615384615385 0.10336538461538461 0.24519230769230768 0.17307692307692307
1 0.2668269230769231 0.5625 0.24519230769230768 0.17307692307692307
1 0.6634615384615384 0.9098557692307693 0.24759615384615385 0.15865384615384615
1 0.3954326923076923 0.8485576923076923 0.2403846153846154 0.15865384615384615
1 0.33653846153846156 0.6466346153846154 0.2403846153846154 0.15865384615384615
1 0.7584134615384616 0.4891826923076923 0.2403846153846154 0.15865384615384615
1 0.5108173076923077 0.4807692307692308 0.2548076923076923 0.1875
2 0.8882211538461539 0.6646634615384616 0.21875 0.4495192307692308
1 0.8966346153846154 0.24158653846153846 0.20192307692307693 0.15144230769230768
1 0.7620192307692307 0.28125 0.20673076923076922 0.1466346153846154
1 0.11057692307692307 0.8377403846153846 0.21634615384615385 0.17307692307692307