1 0.41225961538461536 0.7980769230769231 0.1971153846153846 0.18028846153846154
1 0.09375 0.8966346153846154 0.18269230769230768 0.18269230769230768
1 0.9026442307692307 0.5300480769230769 0.18990384615384615 0.18509615384615385
1 0.19951923076923078 0.1658653846153846 0.27403846153846156 0.1875
1 0.7944711538461539 0.3173076923076923 0.27403846153846156 0.1875
1 0.08413461538461539 0.2860576923076923 0.16346153846153846 0.18269230769230768
1 0.6682692307692307 0.8545673076923077 0.17307692307692307 0.16346153846153846
1 0.8774038461538461 0.7860576923076923 0.2403846153846154 0.1971153846153846
1 0.7223557692307693 0.1778846153846154 0.2644230769230769 0.15144230769230768
1 0.6730769230769231 0.7572115384615384 0.1875 0.15865384615384615
1 0.3245192307692308 0.9519230769230769 0.28365384615384615 0.09134615384615384
2 0.3112980769230769 0.5769230769230769 0.5 0.39903846153846156