1 0.6875 0.2247596153846154 0.20673076923076922 0.16105769230769232
1 0.1141826923076923 0.30649038461538464 0.22355769230769232 0.18028846153846154
1 0.0889423076923077 0.46153846153846156 0.17307692307692307 0.1778846153846154
1 0.08052884615384616 0.671875 0.15865384615384615 0.18028846153846154
1 0.42908653846153844 0.09134615384615384 0.1778846153846154 0.14903846153846154
1 0.7295673076923077 0.6430288461538461 0.21153846153846154 0.15625
1 0.7764423076923077 0.49158653846153844 0.21153846153846154 0.15625
1 0.9122596153846154 0.10576923076923077 0.17067307692307693 0.13942307692307693
1 0.46634615384615385 0.3762019230769231 0.2644230769230769 0.20673076923076922
1 0.9134615384615384 0.5961538461538461 0.16826923076923078 0.15625
1 0.9134615384615384 0.7043269230769231 0.16826923076923078 0.15625
1 0.5600961538461539 0.7596153846153846 0.1778846153846154 0.15384615384615385
1 0.0733173076923077 0.8786057692307693 0.14423076923076922 0.21634615384615385
2 0.3401442307692308 0.5612980769230769 0.3557692307692308 0.36538461538461536
0 0.06490384615384616 0.2127403846153846 0.08173076923076923 0.055288461538461536