1 0.28725961538461536 0.4110576923076923 0.14903846153846154 0.23076923076923078
1 0.4735576923076923 0.8978365384615384 0.1778846153846154 0.20192307692307693
1 0.32091346153846156 0.8533653846153846 0.1778846153846154 0.2091346153846154
1 0.39663461538461536 0.6694711538461539 0.20192307692307693 0.23317307692307693
1 0.8088942307692307 0.7175480769230769 0.20192307692307693 0.23317307692307693
1 0.7512019230769231 0.45072115384615385 0.15865384615384615 0.2283653846153846
1 0.25841346153846156 0.11057692307692307 0.21153846153846154 0.22115384615384615
1 0.18389423076923078 0.9014423076923077 0.15384615384615385 0.19230769230769232
1 0.22716346153846154 0.6274038461538461 0.1466346153846154 0.24519230769230768
1 0.5372596153846154 0.056490384615384616 0.17067307692307693 0.10817307692307693
2 0.5228365384615384 0.3317307692307692 0.39903846153846156 0.5144230769230769