1 0.3701923076923077 0.6538461538461539 0.24278846153846154 0.20432692307692307
1 0.296875 0.48677884615384615 0.2692307692307692 0.17307692307692307
1 0.25721153846153844 0.33413461538461536 0.17548076923076922 0.16346153846153846
1 0.18509615384615385 0.29086538461538464 0.18269230769230768 0.1778846153846154
1 0.11177884615384616 0.07451923076923077 0.21875 0.14423076923076922
1 0.7295673076923077 0.19110576923076922 0.20673076923076922 0.12980769230769232
1 0.5949519230769231 0.921875 0.23076923076923078 0.15384615384615385
1 0.13822115384615385 0.7896634615384616 0.21153846153846154 0.16826923076923078
1 0.796875 0.7824519230769231 0.22596153846153846 0.1778846153846154
1 0.8173076923076923 0.5516826923076923 0.1875 0.14903846153846154
1 0.8653846153846154 0.47115384615384615 0.20192307692307693 0.14423076923076922
2 0.5396634615384616 0.3641826923076923 0.47836538461538464 0.3269230769230769