1 0.23317307692307693 0.3798076923076923 0.22596153846153846 0.14903846153846154
1 0.3401442307692308 0.06850961538461539 0.23317307692307693 0.13221153846153846
1 0.11899038461538461 0.22115384615384615 0.23798076923076922 0.21875
1 0.4675480769230769 0.37740384615384615 0.25 0.15865384615384615
1 0.921875 0.39663461538461536 0.15144230769230768 0.16346153846153846
1 0.7956730769230769 0.24759615384615385 0.24519230769230768 0.20192307692307693
1 0.3737980769230769 0.8209134615384616 0.21875 0.16105769230769232
1 0.5324519230769231 0.9134615384615384 0.2644230769230769 0.17067307692307693
1 0.5168269230769231 0.6706730769230769 0.22115384615384615 0.16346153846153846
1 0.8942307692307693 0.5793269230769231 0.20673076923076922 0.20192307692307693
1 0.18990384615384615 0.6382211538461539 0.23317307692307693 0.18509615384615385
0 0.18629807692307693 0.84375 0.08653846153846154 0.0625
2 0.8185096153846154 0.8341346153846154 0.3605769230769231 0.3269230769230769