1 0.9206730769230769 0.4495192307692308 0.1346153846153846 0.20432692307692307
1 0.5300480769230769 0.5637019230769231 0.1658653846153846 0.27403846153846156
1 0.15264423076923078 0.39783653846153844 0.1658653846153846 0.27403846153846156
1 0.2439903846153846 0.8112980769230769 0.1778846153846154 0.2692307692307692
1 0.3076923076923077 0.4387019230769231 0.15384615384615385 0.21634615384615385
1 0.2980769230769231 0.16105769230769232 0.15384615384615385 0.21634615384615385
1 0.9302884615384616 0.7764423076923077 0.1346153846153846 0.22115384615384615
1 0.046875 0.25721153846153844 0.09134615384615384 0.21634615384615385
2 0.6514423076923077 0.31971153846153844 0.27403846153846156 0.25240384615384615
0 0.5540865384615384 0.8185096153846154 0.0625 0.07692307692307693
0 0.21153846153846154 0.5841346153846154 0.0625 0.07692307692307693