1 0.33533653846153844 0.2512019230769231 0.20673076923076922 0.18028846153846154
1 0.35336538461538464 0.4254807692307692 0.20192307692307693 0.16826923076923078
1 0.8930288461538461 0.31971153846153844 0.20192307692307693 0.16826923076923078
1 0.15144230769230768 0.890625 0.27403846153846156 0.19951923076923078
1 0.11658653846153846 0.4963942307692308 0.23317307692307693 0.24519230769230768
1 0.5384615384615384 0.6778846153846154 0.20432692307692307 0.18269230769230768
1 0.765625 0.6141826923076923 0.18269230769230768 0.12980769230769232
1 0.8449519230769231 0.44591346153846156 0.17307692307692307 0.16346153846153846
1 0.8221153846153846 0.11658653846153846 0.25 0.1971153846153846
1 0.32211538461538464 0.5697115384615384 0.23317307692307693 0.18028846153846154
1 0.14903846153846154 0.27524038461538464 0.24519230769230768 0.16826923076923078
2 0.6382211538461539 0.48677884615384615 0.2620192307692308 0.22596153846153846