1 0.4206730769230769 0.6382211538461539 0.1875 0.23557692307692307
1 0.2608173076923077 0.21033653846153846 0.2091346153846154 0.24278846153846154
1 0.6526442307692307 0.22716346153846154 0.1875 0.24519230769230768
1 0.8233173076923077 0.32091346153846156 0.18269230769230768 0.2548076923076923
1 0.8317307692307693 0.5324519230769231 0.19471153846153846 0.25961538461538464
1 0.7139423076923077 0.7884615384615384 0.20192307692307693 0.1971153846153846
1 0.5444711538461539 0.4423076923076923 0.19230769230769232 0.24278846153846154
1 0.65625 0.5817307692307693 0.21153846153846154 0.21634615384615385
1 0.22596153846153846 0.46274038461538464 0.16346153846153846 0.21153846153846154
1 0.43149038461538464 0.07692307692307693 0.20192307692307693 0.15384615384615385
1 0.14903846153846154 0.4495192307692308 0.14182692307692307 0.2692307692307692
2 0.4375 0.875 0.3701923076923077 0.24519230769230768