2 0.7824519230769231 0.5817307692307693 0.37259615384615385 0.6153846153846154
1 0.18990384615384615 0.7824519230769231 0.21634615384615385 0.21153846153846154
1 0.3317307692307692 0.4855769230769231 0.15384615384615385 0.1875
1 0.4387019230769231 0.53125 0.15384615384615385 0.1875
1 0.5649038461538461 0.7608173076923077 0.15865384615384615 0.3245192307692308
1 0.4266826923076923 0.765625 0.15384615384615385 0.20673076923076922
1 0.47596153846153844 0.9014423076923077 0.15384615384615385 0.19230769230769232
1 0.19230769230769232 0.30528846153846156 0.19471153846153846 0.23557692307692307
1 0.20072115384615385 0.09495192307692307 0.1971153846153846 0.1875
1 0.5685096153846154 0.3076923076923077 0.1875 0.19471153846153846
1 0.4170673076923077 0.2980769230769231 0.22115384615384615 0.2692307692307692
1 0.8942307692307693 0.27403846153846156 0.20192307692307693 0.25961538461538464
1 0.9086538461538461 0.09375 0.1778846153846154 0.1875
1 0.45913461538461536 0.06129807692307692 0.17548076923076922 0.12259615384615384
1 0.6502403846153846 0.1310096153846154 0.21634615384615385 0.24519230769230768
0 0.24639423076923078 0.9074519230769231 0.0673076923076923 0.07211538461538461
1 0.15865384615384615 0.40625 0.15384615384615385 0.1875
1 0.7115384615384616 0.9110576923076923 0.15625 0.17307692307692307