1 0.1778846153846154 0.8497596153846154 0.15144230769230768 0.1971153846153846
1 0.6057692307692307 0.9038461538461539 0.15384615384615385 0.1875
1 0.7259615384615384 0.7860576923076923 0.1778846153846154 0.1971153846153846
1 0.7740384615384616 0.5757211538461539 0.15865384615384615 0.19230769230769232
1 0.7379807692307693 0.3641826923076923 0.15865384615384615 0.20432692307692307
1 0.6189903846153846 0.5276442307692307 0.13942307692307693 0.21153846153846154
1 0.2692307692307692 0.3161057692307692 0.17307692307692307 0.19951923076923078
1 0.5384615384615384 0.27283653846153844 0.18028846153846154 0.2403846153846154
1 0.15745192307692307 0.13942307692307693 0.17307692307692307 0.23317307692307693
1 0.38461538461538464 0.11538461538461539 0.19230769230769232 0.23076923076923078
1 0.1502403846153846 0.4735576923076923 0.17307692307692307 0.19951923076923078
1 0.08533653846153846 0.5564903846153846 0.16826923076923078 0.20192307692307693
1 0.41225961538461536 0.45552884615384615 0.1778846153846154 0.21875
1 0.8401442307692307 0.1622596153846154 0.18028846153846154 0.2403846153846154
1 0.9110576923076923 0.41947115384615385 0.16346153846153846 0.22596153846153846
1 0.90625 0.8894230769230769 0.16826923076923078 0.21634615384615385
1 0.9314903846153846 0.6322115384615384 0.1346153846153846 0.21394230769230768
1 0.5564903846153846 0.08173076923076923 0.15865384615384615 0.16346153846153846
2 0.4074519230769231 0.7716346153846154 0.34134615384615385 0.4423076923076923