2 0.65625 0.7223557692307693 0.20432692307692307 0.25961538461538464
1 0.5492788461538461 0.3161057692307692 0.1778846153846154 0.22596153846153846
1 0.46153846153846156 0.7632211538461539 0.1778846153846154 0.22596153846153846
1 0.36778846153846156 0.37740384615384615 0.14423076923076922 0.20192307692307693
1 0.2091346153846154 0.28365384615384615 0.14423076923076922 0.20192307692307693
1 0.2668269230769231 0.24639423076923078 0.14423076923076922 0.20192307692307693
1 0.37740384615384615 0.11778846153846154 0.20192307692307693 0.23076923076923078
1 0.6141826923076923 0.4483173076923077 0.15865384615384615 0.1875
1 0.7704326923076923 0.20192307692307693 0.20673076923076922 0.24519230769230768
1 0.8449519230769231 0.9074519230769231 0.18028846153846154 0.18028846153846154
1 0.6538461538461539 0.8966346153846154 0.15865384615384615 0.17307692307692307
1 0.27163461538461536 0.9110576923076923 0.18269230769230768 0.17307692307692307
1 0.09254807692307693 0.6298076923076923 0.1778846153846154 0.19230769230769232
1 0.0889423076923077 0.49759615384615385 0.17307692307692307 0.19230769230769232
1 0.06850961538461539 0.3798076923076923 0.1346153846153846 0.21153846153846154
1 0.19110576923076922 0.6959134615384616 0.15144230769230768 0.20673076923076922
1 0.2764423076923077 0.7740384615384616 0.15144230769230768 0.20673076923076922
1 0.2608173076923077 0.625 0.15144230769230768 0.20673076923076922
1 0.2608173076923077 0.5709134615384616 0.16826923076923078 0.21634615384615385
1 0.3004807692307692 0.5661057692307693 0.16826923076923078 0.21634615384615385
1 0.36658653846153844 0.5192307692307693 0.16826923076923078 0.21634615384615385
1 0.8341346153846154 0.3954326923076923 0.1971153846153846 0.22355769230769232
1 0.18028846153846154 0.07211538461538461 0.20432692307692307 0.13942307692307693
1 0.9326923076923077 0.11658653846153846 0.12980769230769232 0.23317307692307693
0 0.8185096153846154 0.7427884615384616 0.0625 0.0985576923076923