1 0.8389423076923077 0.9134615384615384 0.2932692307692308 0.16826923076923078
1 0.9050480769230769 0.4387019230769231 0.18509615384615385 0.19471153846153846
1 0.6694711538461539 0.11057692307692307 0.25961538461538464 0.20192307692307693
1 0.45072115384615385 0.14903846153846154 0.2403846153846154 0.21153846153846154
1 0.19230769230769232 0.051682692307692304 0.2860576923076923 0.10096153846153846
1 0.19591346153846154 0.18028846153846154 0.25961538461538464 0.15865384615384615
1 0.11658653846153846 0.3641826923076923 0.23076923076923078 0.21394230769230768
1 0.33052884615384615 0.3557692307692308 0.2091346153846154 0.1971153846153846
1 0.28725961538461536 0.5901442307692307 0.2091346153846154 0.1971153846153846
1 0.5637019230769231 0.33653846153846156 0.22355769230769232 0.16346153846153846
1 0.9387019230769231 0.1814903846153846 0.11538461538461539 0.17067307692307693
1 0.9543269230769231 0.6490384615384616 0.08653846153846154 0.17067307692307693
1 0.8112980769230769 0.7103365384615384 0.21153846153846154 0.1875
1 0.3629807692307692 0.9170673076923077 0.2548076923076923 0.16105769230769232
2 0.6081730769230769 0.5276442307692307 0.5144230769230769 0.3557692307692308