1 0.3401442307692308 0.9278846153846154 0.2620192307692308 0.13942307692307693
1 0.671875 0.796875 0.2692307692307692 0.18028846153846154
1 0.45552884615384615 0.3762019230769231 0.22355769230769232 0.14423076923076922
1 0.4074519230769231 0.5757211538461539 0.18028846153846154 0.1875
1 0.24879807692307693 0.4362980769230769 0.22115384615384615 0.19951923076923078
1 0.16826923076923078 0.6322115384615384 0.22115384615384615 0.19951923076923078
1 0.9026442307692307 0.35216346153846156 0.18990384615384615 0.16105769230769232
1 0.7560096153846154 0.2403846153846154 0.18509615384615385 0.2091346153846154
1 0.11177884615384616 0.1778846153846154 0.22115384615384615 0.18509615384615385
1 0.359375 0.18990384615384615 0.22355769230769232 0.20673076923076922
1 0.10817307692307693 0.8689903846153846 0.21153846153846154 0.1971153846153846
1 0.8990384615384616 0.6646634615384616 0.1971153846153846 0.16105769230769232
1 0.609375 0.09495192307692307 0.21153846153846154 0.15865384615384615
1 0.9314903846153846 0.1502403846153846 0.13221153846153846 0.16105769230769232
2 0.6983173076923077 0.5300480769230769 0.4807692307692308 0.33653846153846156