1 0.8557692307692307 0.46274038461538464 0.2283653846153846 0.24278846153846154
1 0.6141826923076923 0.38341346153846156 0.14423076923076922 0.19230769230769232
1 0.6899038461538461 0.16947115384615385 0.17067307692307693 0.19230769230769232
1 0.41947115384615385 0.5985576923076923 0.17307692307692307 0.20192307692307693
1 0.7319711538461539 0.9146634615384616 0.18028846153846154 0.1658653846153846
1 0.3713942307692308 0.8353365384615384 0.17307692307692307 0.20192307692307693
1 0.3954326923076923 0.2247596153846154 0.17307692307692307 0.20192307692307693
1 0.8858173076923077 0.24158653846153846 0.1778846153846154 0.20673076923076922
1 0.8737980769230769 0.0625 0.17307692307692307 0.1201923076923077
1 0.04447115384615385 0.4338942307692308 0.08413461538461539 0.18509615384615385
2 0.11778846153846154 0.6177884615384616 0.23076923076923078 0.25961538461538464