1 0.8377403846153846 0.6887019230769231 0.1971153846153846 0.18269230769230768
1 0.8737980769230769 0.8737980769230769 0.1875 0.17307692307692307
1 0.2824519230769231 0.5853365384615384 0.1971153846153846 0.18269230769230768
1 0.19591346153846154 0.30288461538461536 0.22596153846153846 0.18269230769230768
1 0.4338942307692308 0.27403846153846156 0.23076923076923078 0.1466346153846154
1 0.609375 0.0673076923076923 0.2692307692307692 0.13221153846153846
1 0.5108173076923077 0.7055288461538461 0.21394230769230768 0.15384615384615385
1 0.6995192307692307 0.5504807692307693 0.21394230769230768 0.15384615384615385
1 0.7307692307692307 0.8413461538461539 0.1875 0.15865384615384615
1 0.16346153846153846 0.4855769230769231 0.25240384615384615 0.1778846153846154
2 0.7007211538461539 0.36899038461538464 0.27884615384615385 0.20673076923076922
0 0.4375 0.7668269230769231 0.06971153846153846 0.052884615384615384
2 0.3137019230769231 0.06610576923076923 0.2620192307692308 0.12980769230769232