1 0.3954326923076923 0.5528846153846154 0.20673076923076922 0.19230769230769232
1 0.5829326923076923 0.6814903846153846 0.25 0.1971153846153846
1 0.5865384615384616 0.6850961538461539 0.25 0.1971153846153846
1 0.47596153846153844 0.8257211538461539 0.23317307692307693 0.18509615384615385
1 0.9230769230769231 0.9302884615384616 0.14903846153846154 0.13942307692307693
1 0.8701923076923077 0.15384615384615385 0.21153846153846154 0.1778846153846154
1 0.6153846153846154 0.11298076923076923 0.22596153846153846 0.17307692307692307
1 0.24639423076923078 0.9206730769230769 0.20192307692307693 0.14182692307692307
1 0.6995192307692307 0.8894230769230769 0.20192307692307693 0.14182692307692307
1 0.5048076923076923 0.9122596153846154 0.20192307692307693 0.14182692307692307
1 0.3269230769230769 0.40625 0.23798076923076922 0.11057692307692307
1 0.8064903846153846 0.33533653846153844 0.1971153846153846 0.15625
1 0.625 0.24879807692307693 0.19471153846153846 0.17067307692307693
1 0.054086538461538464 0.36778846153846156 0.10576923076923077 0.17307692307692307
1 0.36177884615384615 0.7175480769230769 0.22115384615384615 0.15384615384615385
2 0.2932692307692308 0.19951923076923078 0.45913461538461536 0.3269230769230769
0 0.12860576923076922 0.484375 0.08653846153846154 0.06971153846153846