1 0.3798076923076923 0.47596153846153844 0.20192307692307693 0.12740384615384615
1 0.5757211538461539 0.14302884615384615 0.21153846153846154 0.2091346153846154
1 0.390625 0.34975961538461536 0.24519230769230768 0.17067307692307693
1 0.5480769230769231 0.6850961538461539 0.30528846153846156 0.21634615384615385
1 0.7151442307692307 0.9158653846153846 0.21634615384615385 0.11057692307692307
1 0.19951923076923078 0.18629807692307693 0.21634615384615385 0.11057692307692307
1 0.8004807692307693 0.09375 0.21153846153846154 0.1201923076923077
1 0.9435096153846154 0.9194711538461539 0.11298076923076923 0.15625
1 0.7163461538461539 0.6021634615384616 0.19951923076923078 0.17307692307692307
2 0.8064903846153846 0.38100961538461536 0.34134615384615385 0.3245192307692308
0 0.9639423076923077 0.7524038461538461 0.0673076923076923 0.052884615384615384
1 0.1971153846153846 0.3269230769230769 0.21153846153846154 0.15865384615384615