1 0.8978365384615384 0.5024038461538461 0.19951923076923078 0.22596153846153846
1 0.32572115384615385 0.2620192307692308 0.20432692307692307 0.19471153846153846
1 0.4254807692307692 0.06370192307692307 0.20673076923076922 0.125
1 0.47596153846153844 0.4723557692307692 0.2091346153846154 0.14903846153846154
1 0.8990384615384616 0.6814903846153846 0.1971153846153846 0.14423076923076922
1 0.6790865384615384 0.5985576923076923 0.18509615384615385 0.13701923076923078
1 0.08052884615384616 0.8918269230769231 0.16105769230769232 0.1971153846153846
1 0.5697115384615384 0.7704326923076923 0.1875 0.15384615384615385
1 0.6225961538461539 0.06971153846153846 0.1875 0.13701923076923078
1 0.8185096153846154 0.056490384615384616 0.1875 0.11057692307692307
1 0.4795673076923077 0.36899038461538464 0.16346153846153846 0.12980769230769232
2 0.20673076923076922 0.5685096153846154 0.27884615384615385 0.23076923076923078
0 0.41466346153846156 0.5757211538461539 0.0625 0.04807692307692308
0 0.47115384615384615 0.16706730769230768 0.0625 0.04807692307692308