1 0.18028846153846154 0.8870192307692307 0.23557692307692307 0.18509615384615385
1 0.21634615384615385 0.5901442307692307 0.23557692307692307 0.18269230769230768
1 0.38221153846153844 0.15985576923076922 0.23557692307692307 0.18269230769230768
1 0.7752403846153846 0.28725961538461536 0.23557692307692307 0.18269230769230768
1 0.5012019230769231 0.40024038461538464 0.23557692307692307 0.18269230769230768
1 0.3629807692307692 0.4519230769230769 0.23557692307692307 0.18269230769230768
1 0.19230769230769232 0.27163461538461536 0.23317307692307693 0.16346153846153846
1 0.9026442307692307 0.4735576923076923 0.18990384615384615 0.16826923076923078
1 0.38100961538461536 0.8100961538461539 0.20192307692307693 0.16826923076923078
1 0.4375 0.9290865384615384 0.23557692307692307 0.13942307692307693
2 0.6923076923076923 0.6923076923076923 0.47115384615384615 0.3942307692307692