1 0.32572115384615385 0.3401442307692308 0.2403846153846154 0.18269230769230768
1 0.3798076923076923 0.6622596153846154 0.14903846153846154 0.18028846153846154
1 0.6298076923076923 0.7067307692307693 0.15865384615384615 0.18269230769230768
1 0.5204326923076923 0.5961538461538461 0.15865384615384615 0.18269230769230768
1 0.27403846153846156 0.7115384615384616 0.15384615384615385 0.23557692307692307
1 0.6971153846153846 0.5036057692307693 0.15384615384615385 0.21634615384615385
1 0.4375 0.17668269230769232 0.15865384615384615 0.18269230769230768
1 0.328125 0.12980769230769232 0.15865384615384615 0.18269230769230768
1 0.19110576923076922 0.21754807692307693 0.16105769230769232 0.23557692307692307
1 0.9242788461538461 0.5072115384615384 0.1466346153846154 0.19230769230769232
1 0.9423076923076923 0.109375 0.11057692307692307 0.21875
1 0.9086538461538461 0.8954326923076923 0.16346153846153846 0.16346153846153846
1 0.056490384615384616 0.43990384615384615 0.11057692307692307 0.18028846153846154
1 0.056490384615384616 0.7632211538461539 0.11057692307692307 0.18028846153846154
1 0.15865384615384615 0.9375 0.15865384615384615 0.1201923076923077
1 0.7620192307692307 0.359375 0.15865384615384615 0.22115384615384615
2 0.6706730769230769 0.109375 0.23557692307692307 0.21875
0 0.9086538461538461 0.41466346153846156 0.04807692307692308 0.055288461538461536