1 0.34975961538461536 0.45072115384615385 0.19230769230769232 0.16346153846153846
1 0.9038461538461539 0.3401442307692308 0.1875 0.1658653846153846
1 0.6766826923076923 0.6658653846153846 0.23076923076923078 0.1658653846153846
1 0.6370192307692307 0.8762019230769231 0.25721153846153844 0.19471153846153846
1 0.7055288461538461 0.390625 0.21153846153846154 0.1778846153846154
1 0.7391826923076923 0.08533653846153846 0.21394230769230768 0.17067307692307693
1 0.44350961538461536 0.6334134615384616 0.2403846153846154 0.15865384615384615
1 0.53125 0.20432692307692307 0.2620192307692308 0.18028846153846154
1 0.2127403846153846 0.8221153846153846 0.25 0.18269230769230768
1 0.09495192307692307 0.2403846153846154 0.18509615384615385 0.16346153846153846
0 0.27524038461538464 0.2644230769230769 0.09134615384615384 0.08653846153846154
0 0.43990384615384615 0.36778846153846156 0.09134615384615384 0.0673076923076923
0 0.3245192307692308 0.5637019230769231 0.09615384615384616 0.07211538461538461
2 0.13221153846153846 0.5913461538461539 0.25961538461538464 0.2548076923076923