1 0.6610576923076923 0.65625 0.23557692307692307 0.18269230769230768
1 0.6081730769230769 0.33653846153846156 0.14903846153846154 0.1778846153846154
1 0.359375 0.2932692307692308 0.15625 0.18269230769230768
1 0.46875 0.4026442307692308 0.15625 0.18269230769230768
1 0.7127403846153846 0.28846153846153844 0.15384615384615385 0.23557692307692307
1 0.2932692307692308 0.4951923076923077 0.15384615384615385 0.21153846153846154
1 0.5516826923076923 0.8185096153846154 0.15625 0.18269230769230768
1 0.6586538461538461 0.8653846153846154 0.15625 0.18269230769230768
1 0.7956730769230769 0.7788461538461539 0.15865384615384615 0.23076923076923078
1 0.07091346153846154 0.49038461538461536 0.13942307692307693 0.1875
1 0.051682692307692304 0.8882211538461539 0.10336538461538461 0.21634615384615385
1 0.08413461538461539 0.10576923076923077 0.16105769230769232 0.15865384615384615
1 0.9362980769230769 0.5576923076923077 0.125 0.1778846153846154
1 0.9362980769230769 0.23677884615384615 0.125 0.1778846153846154
1 0.8269230769230769 0.06370192307692307 0.15625 0.12259615384615384
1 0.22956730769230768 0.6370192307692307 0.15865384615384615 0.22115384615384615
2 0.31971153846153844 0.8894230769230769 0.23076923076923078 0.21634615384615385
0 0.08413461538461539 0.5817307692307693 0.04567307692307692 0.055288461538461536