1 0.1622596153846154 0.051682692307692304 0.20673076923076922 0.10096153846153846
1 0.3112980769230769 0.13221153846153846 0.22355769230769232 0.16826923076923078
1 0.4266826923076923 0.27283653846153844 0.22355769230769232 0.16826923076923078
1 0.11057692307692307 0.3016826923076923 0.21634615384615385 0.17067307692307693
1 0.2692307692307692 0.41466346153846156 0.20192307692307693 0.15384615384615385
1 0.109375 0.5168269230769231 0.21634615384615385 0.15144230769230768
1 0.35336538461538464 0.7800480769230769 0.23076923076923078 0.18269230769230768
1 0.5997596153846154 0.734375 0.23557692307692307 0.1778846153846154
1 0.7788461538461539 0.18509615384615385 0.23557692307692307 0.16826923076923078
1 0.8557692307692307 0.7596153846153846 0.23557692307692307 0.16826923076923078
1 0.33653846153846156 0.5889423076923077 0.23076923076923078 0.18269230769230768
1 0.09014423076923077 0.7415865384615384 0.1778846153846154 0.16346153846153846
1 0.18028846153846154 0.9399038461538461 0.23557692307692307 0.11778846153846154
2 0.6875 0.4254807692307692 0.47596153846153844 0.3701923076923077
0 0.5973557692307693 0.8810096153846154 0.14903846153846154 0.125
0 0.9591346153846154 0.8509615384615384 0.07692307692307693 0.07211538461538461