1 0.33774038461538464 0.5793269230769231 0.1971153846153846 0.15625
1 0.8269230769230769 0.39783653846153844 0.2548076923076923 0.1875
1 0.2512019230769231 0.28365384615384615 0.27163461538461536 0.20673076923076922
1 0.109375 0.18509615384615385 0.15865384615384615 0.12980769230769232
1 0.14543269230769232 0.4963942307692308 0.2403846153846154 0.17307692307692307
1 0.3112980769230769 0.7644230769230769 0.20673076923076922 0.14903846153846154
1 0.7980769230769231 0.9158653846153846 0.23557692307692307 0.1658653846153846
1 0.5757211538461539 0.9399038461538461 0.22115384615384615 0.11778846153846154
1 0.6045673076923077 0.7980769230769231 0.21153846153846154 0.15384615384615385
1 0.3389423076923077 0.9230769230769231 0.21153846153846154 0.15144230769230768
1 0.9639423076923077 0.8076923076923077 0.0673076923076923 0.16826923076923078
1 0.8052884615384616 0.7752403846153846 0.21634615384615385 0.16826923076923078
1 0.4735576923076923 0.05889423076923077 0.25721153846153844 0.11778846153846154
1 0.4519230769230769 0.5180288461538461 0.23076923076923078 0.16826923076923078
2 0.640625 0.1778846153846154 0.47596153846153844 0.3557692307692308
0 0.30408653846153844 0.39302884615384615 0.08173076923076923 0.0673076923076923