1 0.6514423076923077 0.45072115384615385 0.20192307692307693 0.12740384615384615
1 0.45552884615384615 0.1201923076923077 0.21153846153846154 0.20673076923076922
1 0.6394230769230769 0.32572115384615385 0.24519230769230768 0.16826923076923078
1 0.48197115384615385 0.6586538461538461 0.30288461538461536 0.21634615384615385
1 0.3173076923076923 0.8882211538461539 0.21634615384615385 0.11057692307692307
1 0.8305288461538461 0.16466346153846154 0.21634615384615385 0.11057692307692307
1 0.23076923076923078 0.07211538461538461 0.21153846153846154 0.1201923076923077
1 0.0733173076923077 0.9026442307692307 0.14423076923076922 0.17548076923076922
1 0.31490384615384615 0.5769230769230769 0.1971153846153846 0.17307692307692307
2 0.22596153846153846 0.35697115384615385 0.34134615384615385 0.32211538461538464
0 0.0673076923076923 0.7271634615384616 0.07211538461538461 0.052884615384615384
1 0.8329326923076923 0.30408653846153844 0.21153846153846154 0.15865384615384615