1 0.27524038461538464 0.1045673076923077 0.24519230769230768 0.18269230769230768
1 0.17668269230769232 0.2860576923076923 0.24759615384615385 0.21634615384615385
1 0.8052884615384616 0.9266826923076923 0.1971153846153846 0.14423076923076922
1 0.4675480769230769 0.8125 0.1971153846153846 0.15865384615384615
1 0.4963942307692308 0.41586538461538464 0.1971153846153846 0.16826923076923078
1 0.4026442307692308 0.33774038461538464 0.21634615384615385 0.16346153846153846
1 0.8052884615384616 0.6334134615384616 0.22596153846153846 0.16346153846153846
1 0.3293269230769231 0.8100961538461539 0.25240384615384615 0.16105769230769232
1 0.7439903846153846 0.7680288461538461 0.23076923076923078 0.1466346153846154
2 0.25 0.5685096153846154 0.42788461538461536 0.32211538461538464
0 0.44711538461538464 0.0733173076923077 0.09615384615384616 0.07211538461538461
0 0.9146634615384616 0.8894230769230769 0.07211538461538461 0.07692307692307693