1 0.10096153846153846 0.27403846153846156 0.20192307692307693 0.19230769230769232
1 0.9182692307692307 0.30528846153846156 0.15865384615384615 0.18269230769230768
1 0.6177884615384616 0.9278846153846154 0.22115384615384615 0.14182692307692307
1 0.3112980769230769 0.09375 0.18028846153846154 0.18269230769230768
1 0.38100961538461536 0.38100961538461536 0.20432692307692307 0.19230769230769232
1 0.7800480769230769 0.1935096153846154 0.20432692307692307 0.19230769230769232
1 0.7512019230769231 0.47596153846153844 0.21634615384615385 0.1778846153846154
1 0.16826923076923078 0.8665865384615384 0.24759615384615385 0.1875
1 0.3329326923076923 0.9278846153846154 0.20432692307692307 0.13942307692307693
0 0.22355769230769232 0.4387019230769231 0.07692307692307693 0.057692307692307696
2 0.7439903846153846 0.703125 0.38221153846153844 0.3269230769230769