2 0.75 0.7007211538461539 0.375 0.3004807692307692
1 0.6346153846153846 0.4675480769230769 0.25961538461538464 0.18028846153846154
1 0.7019230769230769 0.2860576923076923 0.25961538461538464 0.18028846153846154
1 0.35216346153846156 0.41947115384615385 0.25961538461538464 0.18028846153846154
1 0.30528846153846156 0.6201923076923077 0.24519230769230768 0.17307692307692307
1 0.11057692307692307 0.421875 0.21634615384615385 0.2091346153846154
1 0.5637019230769231 0.08774038461538461 0.2548076923076923 0.17307692307692307
1 0.056490384615384616 0.8161057692307693 0.10817307692307693 0.18509615384615385
1 0.9206730769230769 0.8641826923076923 0.15384615384615385 0.17548076923076922
1 0.5769230769230769 0.890625 0.20673076923076922 0.14423076923076922
1 0.921875 0.12139423076923077 0.15144230769230768 0.17067307692307693
1 0.3473557692307692 0.038461538461538464 0.1778846153846154 0.07211538461538461
1 0.13221153846153846 0.078125 0.21634615384615385 0.15144230769230768
1 0.40865384615384615 0.9086538461538461 0.24759615384615385 0.15384615384615385
0 0.3233173076923077 0.7620192307692307 0.10576923076923077 0.0625
1 0.8834134615384616 0.3473557692307692 0.2283653846153846 0.2091346153846154
1 0.3894230769230769 0.5901442307692307 0.1778846153846154 0.15865384615384615
1 0.44591346153846156 0.6418269230769231 0.1778846153846154 0.15865384615384615