1 0.33774038461538464 0.7764423076923077 0.1971153846153846 0.1466346153846154
1 0.19230769230769232 0.7788461538461539 0.1971153846153846 0.1466346153846154
1 0.11658653846153846 0.390625 0.2283653846153846 0.15384615384615385
1 0.21875 0.49278846153846156 0.23557692307692307 0.15384615384615385
1 0.53125 0.3125 0.22355769230769232 0.12980769230769232
1 0.7644230769230769 0.39663461538461536 0.2692307692307692 0.16346153846153846
1 0.6213942307692307 0.16346153846153846 0.22115384615384615 0.15625
1 0.5372596153846154 0.9326923076923077 0.21634615384615385 0.13221153846153846
1 0.26322115384615385 0.13221153846153846 0.21153846153846154 0.16826923076923078
1 0.7824519230769231 0.8689903846153846 0.21153846153846154 0.17067307692307693
1 0.8942307692307693 0.6778846153846154 0.20673076923076922 0.17307692307692307
1 0.8629807692307693 0.22355769230769232 0.18509615384615385 0.14182692307692307
1 0.8473557692307693 0.06610576923076923 0.1875 0.12980769230769232
1 0.3918269230769231 0.46274038461538464 0.18509615384615385 0.1658653846153846
1 0.6105769230769231 0.05889423076923077 0.21153846153846154 0.11538461538461539
1 0.43149038461538464 0.21634615384615385 0.19230769230769232 0.1201923076923077
2 0.6105769230769231 0.6394230769230769 0.4110576923076923 0.4519230769230769