1 0.6526442307692307 0.8112980769230769 0.1875 0.1778846153846154
1 0.3161057692307692 0.28846153846153844 0.25961538461538464 0.1778846153846154
1 0.5685096153846154 0.07932692307692307 0.2620192307692308 0.15625
1 0.2091346153846154 0.9254807692307693 0.2644230769230769 0.14423076923076922
1 0.25721153846153844 0.7860576923076923 0.25 0.18990384615384615
1 0.4110576923076923 0.8173076923076923 0.25 0.18990384615384615
1 0.8545673076923077 0.9158653846153846 0.23798076923076922 0.16346153846153846
1 0.0889423076923077 0.41346153846153844 0.1778846153846154 0.18028846153846154
0 0.5264423076923077 0.9326923076923077 0.10096153846153846 0.08173076923076923
0 0.49158653846153844 0.6682692307692307 0.08653846153846154 0.08173076923076923
0 0.025240384615384616 0.9194711538461539 0.04807692307692308 0.06971153846153846
2 0.7271634615384616 0.390625 0.5408653846153846 0.5