1 0.18509615384615385 0.78125 0.1658653846153846 0.2980769230769231
1 0.7067307692307693 0.9170673076923077 0.19230769230769232 0.16105769230769232
1 0.4699519230769231 0.890625 0.19951923076923078 0.21394230769230768
1 0.8966346153846154 0.625 0.1971153846153846 0.23076923076923078
1 0.38221153846153844 0.27283653846153844 0.1971153846153846 0.23076923076923078
1 0.24879807692307693 0.08533653846153846 0.1971153846153846 0.16826923076923078
1 0.5985576923076923 0.125 0.18269230769230768 0.24519230769230768
1 0.16346153846153846 0.3245192307692308 0.17548076923076922 0.19230769230769232
1 0.35697115384615385 0.7331730769230769 0.1778846153846154 0.23798076923076922
1 0.28725961538461536 0.5144230769230769 0.23557692307692307 0.27403846153846156
1 0.8545673076923077 0.07451923076923077 0.18269230769230768 0.1466346153846154
1 0.9567307692307693 0.46033653846153844 0.08413461538461539 0.23317307692307693
2 0.5877403846153846 0.47836538461538464 0.35096153846153844 0.4567307692307692
0 0.14182692307692307 0.9471153846153846 0.0625 0.08413461538461539