1 0.9038461538461539 0.47115384615384615 0.1778846153846154 0.1875
1 0.7055288461538461 0.24639423076923078 0.16826923076923078 0.22596153846153846
1 0.8509615384615384 0.2980769230769231 0.13221153846153846 0.2932692307692308
1 0.36658653846153844 0.3545673076923077 0.18509615384615385 0.21875
1 0.5144230769230769 0.2283653846153846 0.17307692307692307 0.17307692307692307
1 0.5516826923076923 0.49038461538461536 0.13942307692307693 0.28846153846153844
1 0.42788461538461536 0.5516826923076923 0.16826923076923078 0.22596153846153846
1 0.10096153846153846 0.3545673076923077 0.18269230769230768 0.22596153846153846
1 0.09615384615384616 0.6778846153846154 0.18269230769230768 0.22596153846153846
1 0.5264423076923077 0.07572115384615384 0.1875 0.1466346153846154
1 0.703125 0.4795673076923077 0.19471153846153846 0.18028846153846154
1 0.8293269230769231 0.7487980769230769 0.19230769230769232 0.22115384615384615
1 0.2956730769230769 0.4651442307692308 0.13942307692307693 0.17307692307692307
1 0.18629807692307693 0.9302884615384616 0.14182692307692307 0.1346153846153846
1 0.3581730769230769 0.1310096153846154 0.15384615384615385 0.25961538461538464
0 0.20192307692307693 0.8317307692307693 0.07692307692307693 0.08413461538461539
2 0.5276442307692307 0.8040865384615384 0.3485576923076923 0.3870192307692308