1 0.15264423076923078 0.2848557692307692 0.20673076923076922 0.1875
1 0.7944711538461539 0.5396634615384616 0.2403846153846154 0.19951923076923078
1 0.9026442307692307 0.8629807692307693 0.18990384615384615 0.20673076923076922
1 0.7439903846153846 0.9411057692307693 0.23317307692307693 0.11538461538461539
1 0.5865384615384616 0.8509615384615384 0.2403846153846154 0.19951923076923078
1 0.22355769230769232 0.15264423076923078 0.2932692307692308 0.12980769230769232
1 0.11177884615384616 0.7716346153846154 0.22115384615384615 0.20192307692307693
1 0.34375 0.7355769230769231 0.2403846153846154 0.19951923076923078
1 0.9435096153846154 0.6310096153846154 0.11057692307692307 0.19471153846153846
1 0.8689903846153846 0.13822115384615385 0.2403846153846154 0.19951923076923078
2 0.4891826923076923 0.359375 0.46634615384615385 0.36538461538461536