1 0.7307692307692307 0.6814903846153846 0.1971153846153846 0.23557692307692307
1 0.9110576923076923 0.3713942307692308 0.17307692307692307 0.24278846153846154
1 0.5372596153846154 0.17427884615384615 0.1971153846153846 0.23557692307692307
1 0.3605769230769231 0.2548076923076923 0.1778846153846154 0.21875
1 0.2247596153846154 0.17548076923076922 0.1778846153846154 0.21875
1 0.14783653846153846 0.3641826923076923 0.17548076923076922 0.22355769230769232
1 0.7512019230769231 0.0889423076923077 0.17067307692307693 0.1778846153846154
1 0.5552884615384616 0.43149038461538464 0.1971153846153846 0.1971153846153846
1 0.06850961538461539 0.16706730769230768 0.1346153846153846 0.21153846153846154
1 0.4254807692307692 0.5048076923076923 0.18269230769230768 0.20673076923076922
1 0.6021634615384616 0.5769230769230769 0.18028846153846154 0.23076923076923078
1 0.6550480769230769 0.8221153846153846 0.15625 0.21875
1 0.19831730769230768 0.5432692307692307 0.22115384615384615 0.14903846153846154
2 0.30408653846153844 0.7620192307692307 0.25721153846153844 0.3125
0 0.5552884615384616 0.9146634615384616 0.06009615384615385 0.07451923076923077
0 0.1141826923076923 0.7692307692307693 0.05048076923076923 0.0625