1 0.8870192307692307 0.44711538461538464 0.19951923076923078 0.17067307692307693
1 0.40384615384615385 0.9038461538461539 0.27884615384615385 0.1875
1 0.140625 0.8569711538461539 0.25 0.1466346153846154
1 0.11298076923076923 0.9387019230769231 0.22115384615384615 0.11778846153846154
1 0.5564903846153846 0.6634615384615384 0.21153846153846154 0.17307692307692307
1 0.6057692307692307 0.30528846153846156 0.21153846153846154 0.17307692307692307
1 0.20673076923076922 0.12259615384615384 0.22596153846153846 0.16826923076923078
1 0.4567307692307692 0.5384615384615384 0.20673076923076922 0.15865384615384615
1 0.8389423076923077 0.8521634615384616 0.22596153846153846 0.15865384615384615
2 0.2932692307692308 0.33413461538461536 0.4375 0.3269230769230769
0 0.6802884615384616 0.016826923076923076 0.07451923076923077 0.03125
0 0.04447115384615385 0.07451923076923077 0.08653846153846154 0.057692307692307696