1 0.23798076923076922 0.7235576923076923 0.21634615384615385 0.16105769230769232
1 0.5276442307692307 0.29927884615384615 0.22115384615384615 0.17307692307692307
1 0.3125 0.5228365384615384 0.20673076923076922 0.1346153846153846
1 0.453125 0.59375 0.2620192307692308 0.17067307692307693
1 0.18028846153846154 0.41947115384615385 0.22115384615384615 0.14182692307692307
1 0.6298076923076923 0.7560096153846154 0.23798076923076922 0.20673076923076922
1 0.3269230769230769 0.8858173076923077 0.25961538461538464 0.20673076923076922
1 0.4050480769230769 0.15384615384615385 0.16826923076923078 0.21634615384615385
1 0.875 0.09615384615384616 0.20192307692307693 0.16346153846153846
1 0.08533653846153846 0.11658653846153846 0.17067307692307693 0.13942307692307693
1 0.203125 0.2932692307692308 0.24519230769230768 0.16346153846153846
1 0.078125 0.5985576923076923 0.15625 0.18509615384615385
1 0.8617788461538461 0.953125 0.25 0.09134615384615384
2 0.7872596153846154 0.44471153846153844 0.4230769230769231 0.38461538461538464