1 0.7415865384615384 0.26802884615384615 0.22115384615384615 0.16346153846153846
1 0.44471153846153844 0.7019230769230769 0.22596153846153846 0.1778846153846154
1 0.6646634615384616 0.4735576923076923 0.21153846153846154 0.1346153846153846
1 0.5204326923076923 0.4014423076923077 0.2692307692307692 0.17307692307692307
1 0.7992788461538461 0.5793269230769231 0.2283653846153846 0.14423076923076922
1 0.3401442307692308 0.23557692307692307 0.24278846153846154 0.21153846153846154
1 0.6490384615384616 0.1045673076923077 0.2692307692307692 0.20673076923076922
1 0.5709134615384616 0.8509615384615384 0.17307692307692307 0.22115384615384615
1 0.0985576923076923 0.9086538461538461 0.19230769230769232 0.16826923076923078
1 0.9050480769230769 0.8894230769230769 0.18509615384615385 0.14423076923076922
1 0.7764423076923077 0.7079326923076923 0.25240384615384615 0.1658653846153846
1 0.9122596153846154 0.3954326923076923 0.17067307692307693 0.18990384615384615
1 0.11778846153846154 0.040865384615384616 0.23076923076923078 0.07692307692307693
2 0.19951923076923078 0.5528846153846154 0.3942307692307692 0.3942307692307692