1 0.41466346153846156 0.4026442307692308 0.15144230769230768 0.21634615384615385
1 0.65625 0.3245192307692308 0.15144230769230768 0.21634615384615385
1 0.5769230769230769 0.32211538461538464 0.15144230769230768 0.21634615384615385
1 0.5444711538461539 0.14182692307692307 0.16346153846153846 0.20673076923076922
1 0.7944711538461539 0.19471153846153846 0.16346153846153846 0.2091346153846154
1 0.9194711538461539 0.17668269230769232 0.15865384615384615 0.21153846153846154
1 0.3786057692307692 0.08533653846153846 0.15384615384615385 0.1658653846153846
1 0.32091346153846156 0.10697115384615384 0.15144230769230768 0.17307692307692307
1 0.2824519230769231 0.1622596153846154 0.15144230769230768 0.17307692307692307
1 0.21875 0.20552884615384615 0.15144230769230768 0.17307692307692307
1 0.18028846153846154 0.24759615384615385 0.15144230769230768 0.17307692307692307
1 0.14903846153846154 0.27884615384615385 0.15144230769230768 0.17307692307692307
1 0.2403846153846154 0.4963942307692308 0.15144230769230768 0.17307692307692307
1 0.18870192307692307 0.4795673076923077 0.15144230769230768 0.17307692307692307
1 0.13221153846153846 0.4519230769230769 0.15144230769230768 0.17307692307692307
1 0.3125 0.7055288461538461 0.15625 0.21875
1 0.921875 0.6646634615384616 0.15144230769230768 0.22355769230769232
1 0.7992788461538461 0.75 0.15865384615384615 0.21875
1 0.6466346153846154 0.703125 0.1346153846153846 0.17067307692307693
1 0.39663461538461536 0.8918269230769231 0.1346153846153846 0.17067307692307693
1 0.06610576923076923 0.6262019230769231 0.12980769230769232 0.17067307692307693
2 0.11899038461538461 0.8305288461538461 0.22355769230769232 0.25961538461538464
1 0.5661057692307693 0.5120192307692307 0.15144230769230768 0.21634615384615385
1 0.6730769230769231 0.8100961538461539 0.15144230769230768 0.21634615384615385
0 0.7067307692307693 0.9471153846153846 0.04807692307692308 0.057692307692307696