1 0.171875 0.3605769230769231 0.16346153846153846 0.20192307692307693
1 0.33413461538461536 0.25721153846153844 0.14182692307692307 0.20192307692307693
1 0.4651442307692308 0.2512019230769231 0.15865384615384615 0.23076923076923078
1 0.7572115384615384 0.2620192307692308 0.17307692307692307 0.21634615384615385
1 0.8978365384615384 0.2860576923076923 0.17548076923076922 0.25
1 0.11658653846153846 0.08774038461538461 0.1658653846153846 0.17067307692307693
1 0.21875 0.6274038461538461 0.1778846153846154 0.25961538461538464
1 0.06850961538461539 0.6598557692307693 0.13221153846153846 0.19951923076923078
1 0.5901442307692307 0.46153846153846156 0.16826923076923078 0.22115384615384615
1 0.7451923076923077 0.5612980769230769 0.1658653846153846 0.18990384615384615
1 0.9158653846153846 0.828125 0.1658653846153846 0.1875
1 0.11778846153846154 0.8689903846153846 0.18028846153846154 0.21875
0 0.6141826923076923 0.042067307692307696 0.07451923076923077 0.08173076923076923
2 0.4795673076923077 0.8185096153846154 0.34375 0.3581730769230769
0 0.08413461538461539 0.9627403846153846 0.0673076923076923 0.06971153846153846