1 0.7548076923076923 0.796875 0.17548076923076922 0.21153846153846154
1 0.8245192307692307 0.6598557692307693 0.17548076923076922 0.21153846153846154
1 0.5084134615384616 0.9350961538461539 0.18509615384615385 0.125
1 0.5492788461538461 0.8581730769230769 0.18028846153846154 0.15384615384615385
1 0.8185096153846154 0.16826923076923078 0.17548076923076922 0.20192307692307693
1 0.09254807692307693 0.4735576923076923 0.17548076923076922 0.21634615384615385
1 0.28365384615384615 0.7572115384615384 0.17548076923076922 0.21634615384615385
1 0.8918269230769231 0.42788461538461536 0.16826923076923078 0.2403846153846154
1 0.0829326923076923 0.8521634615384616 0.16105769230769232 0.29086538461538464
2 0.4362980769230769 0.2548076923076923 0.35096153846153844 0.41346153846153844
0 0.4891826923076923 0.7007211538461539 0.0625 0.08413461538461539
0 0.6502403846153846 0.59375 0.0625 0.08413461538461539