1 0.30649038461538464 0.8810096153846154 0.22596153846153846 0.16826923076923078
1 0.6358173076923077 0.27403846153846156 0.22596153846153846 0.19230769230769232
1 0.8882211538461539 0.25961538461538464 0.21875 0.19471153846153846
1 0.11298076923076923 0.08173076923076923 0.22115384615384615 0.15865384615384615
1 0.41947115384615385 0.39302884615384615 0.19951923076923078 0.14423076923076922
1 0.2536057692307692 0.20793269230769232 0.20673076923076922 0.16826923076923078
1 0.5793269230769231 0.7632211538461539 0.20673076923076922 0.16826923076923078
1 0.6081730769230769 0.8521634615384616 0.22115384615384615 0.1875
1 0.23798076923076922 0.6766826923076923 0.22115384615384615 0.16346153846153846
1 0.43149038461538464 0.3233173076923077 0.1778846153846154 0.13942307692307693
2 0.8882211538461539 0.7115384615384616 0.21875 0.2668269230769231
2 0.7019230769230769 0.5444711538461539 0.5096153846153846 0.35096153846153844