2 0.5685096153846154 0.7079326923076923 0.28365384615384615 0.27163461538461536
1 0.23557692307692307 0.8569711538461539 0.2932692307692308 0.14423076923076922
1 0.7331730769230769 0.5637019230769231 0.21634615384615385 0.15865384615384615
1 0.8112980769230769 0.3641826923076923 0.21634615384615385 0.15865384615384615
1 0.5576923076923077 0.0625 0.28365384615384615 0.12259615384615384
1 0.31971153846153844 0.0625 0.28365384615384615 0.12259615384615384
1 0.11298076923076923 0.04927884615384615 0.22596153846153846 0.09375
1 0.09375 0.6923076923076923 0.1875 0.1875
1 0.08533653846153846 0.49759615384615385 0.17067307692307693 0.25
1 0.42427884615384615 0.4387019230769231 0.1875 0.18269230769230768
1 0.9194711538461539 0.7403846153846154 0.15865384615384615 0.27884615384615385
0 0.4375 0.3233173076923077 0.08173076923076923 0.08413461538461539
0 0.6742788461538461 0.9915865384615384 0.09375 0.01201923076923077
1 0.6370192307692307 0.20432692307692307 0.28846153846153844 0.1875
1 0.8786057692307693 0.2704326923076923 0.21634615384615385 0.15865384615384615
1 0.9266826923076923 0.17668269230769232 0.14182692307692307 0.16826923076923078