1 0.8389423076923077 0.27884615384615385 0.1201923076923077 0.2932692307692308
1 0.7199519230769231 0.6598557692307693 0.18269230769230768 0.21153846153846154
1 0.9254807692307693 0.5348557692307693 0.14423076923076922 0.21394230769230768
1 0.5769230769230769 0.2644230769230769 0.1658653846153846 0.21634615384615385
1 0.5769230769230769 0.09375 0.15865384615384615 0.18269230769230768
1 0.18870192307692307 0.4050480769230769 0.1658653846153846 0.20192307692307693
1 0.41586538461538464 0.5396634615384616 0.18269230769230768 0.20432692307692307
1 0.4579326923076923 0.8028846153846154 0.17307692307692307 0.2403846153846154
1 0.1622596153846154 0.9362980769230769 0.17067307692307693 0.12259615384615384
1 0.29447115384615385 0.8269230769230769 0.15865384615384615 0.20432692307692307
1 0.30408653846153844 0.6057692307692307 0.14903846153846154 0.25
1 0.06610576923076923 0.3425480769230769 0.12980769230769232 0.19951923076923078
1 0.9098557692307693 0.8485576923076923 0.15384615384615385 0.23076923076923078
1 0.7560096153846154 0.9074519230769231 0.16105769230769232 0.18028846153846154
1 0.6141826923076923 0.921875 0.1466346153846154 0.15144230769230768
0 0.9819711538461539 0.38341346153846156 0.03125 0.07932692307692307
0 0.35336538461538464 0.44591346153846156 0.0673076923076923 0.06490384615384616
2 0.29447115384615385 0.17067307692307693 0.4182692307692308 0.33653846153846156