1 0.9038461538461539 0.26322115384615385 0.1875 0.2620192307692308
1 0.7199519230769231 0.15625 0.2283653846153846 0.25961538461538464
1 0.06129807692307692 0.8161057692307693 0.1201923076923077 0.20432692307692307
1 0.16706730769230768 0.46153846153846156 0.16826923076923078 0.20432692307692307
1 0.5829326923076923 0.49278846153846156 0.1778846153846154 0.20432692307692307
1 0.6658653846153846 0.39302884615384615 0.16826923076923078 0.22596153846153846
1 0.3545673076923077 0.8161057692307693 0.17307692307692307 0.23557692307692307
1 0.16947115384615385 0.3173076923076923 0.16826923076923078 0.2644230769230769
1 0.21394230769230768 0.7512019230769231 0.15384615384615385 0.24278846153846154
2 0.4230769230769231 0.23317307692307693 0.3389423076923077 0.4495192307692308
0 0.9435096153846154 0.4411057692307692 0.07451923076923077 0.10096153846153846
0 0.08533653846153846 0.9302884615384616 0.07932692307692307 0.07692307692307693