1 0.23918269230769232 0.5012019230769231 0.21153846153846154 0.19230769230769232
1 0.7163461538461539 0.34975961538461536 0.22596153846153846 0.17307692307692307
1 0.5072115384615384 0.5060096153846154 0.23076923076923078 0.14423076923076922
1 0.2692307692307692 0.7908653846153846 0.21875 0.16826923076923078
1 0.4495192307692308 0.6442307692307693 0.22115384615384615 0.14903846153846154
1 0.125 0.20192307692307693 0.22115384615384615 0.14903846153846154
1 0.6286057692307693 0.056490384615384616 0.2692307692307692 0.11057692307692307
1 0.45552884615384615 0.9158653846153846 0.24519230769230768 0.15865384615384615
1 0.6995192307692307 0.5685096153846154 0.1971153846153846 0.1346153846153846
1 0.9170673076923077 0.15985576923076922 0.16346153846153846 0.1778846153846154
2 0.7872596153846154 0.765625 0.4206730769230769 0.3629807692307692