1 0.8209134615384616 0.4326923076923077 0.20673076923076922 0.17307692307692307
1 0.8557692307692307 0.6009615384615384 0.20673076923076922 0.17307692307692307
1 0.8689903846153846 0.7908653846153846 0.20673076923076922 0.17307692307692307
1 0.6610576923076923 0.9098557692307693 0.2403846153846154 0.1778846153846154
1 0.09735576923076923 0.8617788461538461 0.19471153846153846 0.18509615384615385
1 0.3293269230769231 0.6262019230769231 0.24519230769230768 0.18269230769230768
1 0.140625 0.703125 0.23076923076923078 0.17307692307692307
1 0.8125 0.051682692307692304 0.24519230769230768 0.10096153846153846
1 0.3762019230769231 0.07451923076923077 0.21875 0.14423076923076922
1 0.49158653846153844 0.6923076923076923 0.21394230769230768 0.14903846153846154
1 0.2439903846153846 0.8413461538461539 0.20673076923076922 0.19230769230769232
2 0.42427884615384615 0.40024038461538464 0.38221153846153844 0.40865384615384615