2 0.5865384615384616 0.24759615384615385 0.4182692307692308 0.3701923076923077
1 0.5733173076923077 0.7211538461538461 0.2283653846153846 0.19230769230769232
1 0.3233173076923077 0.890625 0.2283653846153846 0.19230769230769232
1 0.7596153846153846 0.6586538461538461 0.20673076923076922 0.16826923076923078
1 0.7536057692307693 0.8004807692307693 0.20673076923076922 0.16826923076923078
1 0.6225961538461539 0.9086538461538461 0.20673076923076922 0.16826923076923078
1 0.8028846153846154 0.9194711538461539 0.2091346153846154 0.15865384615384615
1 0.18509615384615385 0.6382211538461539 0.20673076923076922 0.16826923076923078
1 0.18509615384615385 0.5793269230769231 0.20673076923076922 0.16826923076923078
1 0.14783653846153846 0.4987980769230769 0.20673076923076922 0.16826923076923078
1 0.13341346153846154 0.42908653846153844 0.20673076923076922 0.16826923076923078
1 0.08774038461538461 0.25721153846153844 0.17067307692307693 0.18269230769230768
1 0.4831730769230769 0.07451923076923077 0.28365384615384615 0.14903846153846154
1 0.9182692307692307 0.49278846153846156 0.15865384615384615 0.16346153846153846
1 0.9182692307692307 0.3581730769230769 0.15865384615384615 0.16346153846153846
1 0.07932692307692307 0.08052884615384616 0.15384615384615385 0.16105769230769232
1 0.3605769230769231 0.39783653846153844 0.16826923076923078 0.18509615384615385
1 0.9086538461538461 0.8293269230769231 0.1778846153846154 0.2548076923076923
1 0.23798076923076922 0.296875 0.23076923076923078 0.1346153846153846
1 0.08774038461538461 0.7884615384615384 0.17067307692307693 0.20192307692307693