1 0.84375 0.5324519230769231 0.2283653846153846 0.1875
1 0.5817307692307693 0.2932692307692308 0.21153846153846154 0.16346153846153846
1 0.39903846153846156 0.12620192307692307 0.2644230769230769 0.18990384615384615
1 0.3088942307692308 0.328125 0.2644230769230769 0.18990384615384615
1 0.5540865384615384 0.8617788461538461 0.15625 0.1875
1 0.11538461538461539 0.4723557692307692 0.1875 0.14903846153846154
1 0.25961538461538464 0.46033653846153844 0.1875 0.14903846153846154
1 0.0733173076923077 0.8882211538461539 0.14423076923076922 0.15144230769230768
1 0.17067307692307693 0.07091346153846154 0.1875 0.13942307692307693
2 0.37740384615384615 0.9266826923076923 0.28365384615384615 0.14182692307692307
0 0.7319711538461539 0.9543269230769231 0.08173076923076923 0.0673076923076923
0 0.7055288461538461 0.3954326923076923 0.08173076923076923 0.055288461538461536
0 0.7271634615384616 0.45552884615384615 0.08173076923076923 0.055288461538461536
0 0.7704326923076923 0.35216346153846156 0.08653846153846154 0.0673076923076923