1 0.8713942307692307 0.5360576923076923 0.1778846153846154 0.2644230769230769
1 0.8822115384615384 0.24519230769230768 0.18028846153846154 0.21634615384615385
1 0.7728365384615384 0.17908653846153846 0.15144230769230768 0.20673076923076922
1 0.33653846153846156 0.375 0.15144230769230768 0.20673076923076922
1 0.6610576923076923 0.6995192307692307 0.1875 0.19230769230769232
1 0.8605769230769231 0.9098557692307693 0.1875 0.1778846153846154
1 0.0889423076923077 0.21634615384615385 0.17548076923076922 0.2091346153846154
1 0.5252403846153846 0.5408653846153846 0.2091346153846154 0.25
1 0.44471153846153844 0.828125 0.16826923076923078 0.2283653846153846
1 0.09615384615384616 0.4326923076923077 0.1875 0.22596153846153846
2 0.5697115384615384 0.13221153846153846 0.35096153846153844 0.2644230769230769