1 0.14302884615384615 0.0889423076923077 0.21875 0.17307692307692307
1 0.3605769230769231 0.1346153846153846 0.2980769230769231 0.21394230769230768
1 0.5372596153846154 0.13581730769230768 0.20192307692307693 0.18269230769230768
1 0.5108173076923077 0.25841346153846156 0.27884615384615385 0.11057692307692307
1 0.9182692307692307 0.0829326923076923 0.15865384615384615 0.14182692307692307
1 0.7944711538461539 0.4831730769230769 0.2403846153846154 0.1658653846153846
1 0.8894230769230769 0.6682692307692307 0.18269230769230768 0.13942307692307693
1 0.6947115384615384 0.34134615384615385 0.1875 0.17548076923076922
1 0.42908653846153844 0.3894230769230769 0.18990384615384615 0.19230769230769232
1 0.20432692307692307 0.3317307692307692 0.24519230769230768 0.18509615384615385
1 0.20072115384615385 0.44591346153846156 0.24519230769230768 0.18509615384615385
1 0.22716346153846154 0.6478365384615384 0.27403846153846156 0.18509615384615385
1 0.7800480769230769 0.19471153846153846 0.28365384615384615 0.125
1 0.7235576923076923 0.07692307692307693 0.1971153846153846 0.15384615384615385
1 0.8822115384615384 0.27163461538461536 0.23076923076923078 0.16346153846153846
1 0.5048076923076923 0.9290865384615384 0.2980769230769231 0.13942307692307693
1 0.055288461538461536 0.8149038461538461 0.10576923076923077 0.19471153846153846
0 0.21514423076923078 0.7548076923076923 0.0985576923076923 0.06490384615384616
2 0.5204326923076923 0.6610576923076923 0.4326923076923077 0.3701923076923077