1 0.7211538461538461 0.0889423076923077 0.22355769230769232 0.17307692307692307
1 0.3088942307692308 0.4110576923076923 0.19230769230769232 0.13942307692307693
1 0.3701923076923077 0.8954326923076923 0.21634615384615385 0.17307692307692307
1 0.16826923076923078 0.24879807692307693 0.21634615384615385 0.17307692307692307
1 0.6189903846153846 0.8521634615384616 0.25 0.1778846153846154
1 0.8413461538461539 0.9519230769230769 0.19471153846153846 0.09375
1 0.9290865384615384 0.8365384615384616 0.13942307692307693 0.16826923076923078
1 0.9615384615384616 0.5625 0.07211538461538461 0.1778846153846154
1 0.9699519230769231 0.328125 0.057692307692307696 0.17067307692307693
1 0.1778846153846154 0.056490384615384616 0.1875 0.11057692307692307
2 0.6706730769230769 0.4338942307692308 0.33653846153846156 0.2644230769230769
1 0.7235576923076923 0.2403846153846154 0.23076923076923078 0.14182692307692307
1 0.5432692307692307 0.21995192307692307 0.23076923076923078 0.14182692307692307
1 0.41466346153846156 0.6430288461538461 0.25 0.15144230769230768
1 0.28365384615384615 0.5276442307692307 0.21634615384615385 0.15384615384615385