1 0.6754807692307693 0.11177884615384616 0.17067307692307693 0.20673076923076922
1 0.8449519230769231 0.125 0.16826923076923078 0.20673076923076922
1 0.6862980769230769 0.38822115384615385 0.16826923076923078 0.20673076923076922
1 0.4230769230769231 0.8052884615384616 0.18269230769230768 0.22596153846153846
1 0.3076923076923077 0.5949519230769231 0.19230769230769232 0.2644230769230769
1 0.2848557692307692 0.20673076923076922 0.15384615384615385 0.21634615384615385
1 0.7908653846153846 0.8401442307692307 0.19230769230769232 0.2644230769230769
1 0.6947115384615384 0.9314903846153846 0.1658653846153846 0.1346153846153846
1 0.9038461538461539 0.5360576923076923 0.1875 0.17548076923076922
1 0.10216346153846154 0.16947115384615385 0.18990384615384615 0.27403846153846156
1 0.42788461538461536 0.07692307692307693 0.1466346153846154 0.15384615384615385
1 0.32091346153846156 0.765625 0.18990384615384615 0.1971153846153846
1 0.6165865384615384 0.7872596153846154 0.17307692307692307 0.24519230769230768
2 0.4483173076923077 0.38341346153846156 0.3293269230769231 0.4519230769230769