1 0.5360576923076923 0.3233173076923077 0.18509615384615385 0.25
1 0.30408653846153844 0.7463942307692307 0.18509615384615385 0.25
1 0.14903846153846154 0.8233173076923077 0.18509615384615385 0.25
1 0.0889423076923077 0.3713942307692308 0.17548076923076922 0.21153846153846154
1 0.06610576923076923 0.5985576923076923 0.12980769230769232 0.2548076923076923
1 0.23197115384615385 0.5264423076923077 0.1658653846153846 0.20432692307692307
1 0.2824519230769231 0.28846153846153844 0.1658653846153846 0.20432692307692307
1 0.23918269230769232 0.1045673076923077 0.1658653846153846 0.20432692307692307
1 0.7572115384615384 0.15985576923076922 0.1658653846153846 0.20432692307692307
2 0.5432692307692307 0.7956730769230769 0.34615384615384615 0.40384615384615385
2 0.8317307692307693 0.5300480769230769 0.3317307692307692 0.5360576923076923