1 0.41346153846153844 0.2800480769230769 0.23076923076923078 0.16826923076923078
1 0.38221153846153844 0.5252403846153846 0.23076923076923078 0.16826923076923078
1 0.15144230769230768 0.5673076923076923 0.23076923076923078 0.16826923076923078
1 0.23197115384615385 0.38341346153846156 0.21394230769230768 0.15625
1 0.11298076923076923 0.2439903846153846 0.21394230769230768 0.15625
1 0.6310096153846154 0.29927884615384615 0.21394230769230768 0.15625
1 0.8197115384615384 0.41225961538461536 0.21153846153846154 0.18028846153846154
1 0.5985576923076923 0.4699519230769231 0.21153846153846154 0.18028846153846154
1 0.6658653846153846 0.9014423076923077 0.2548076923076923 0.18028846153846154
1 0.125 0.90625 0.24519230769230768 0.18269230769230768
1 0.28125 0.7644230769230769 0.2403846153846154 0.22596153846153846
1 0.7283653846153846 0.13942307692307693 0.2548076923076923 0.18028846153846154
1 0.5012019230769231 0.1045673076923077 0.2548076923076923 0.18028846153846154
2 0.8677884615384616 0.6790865384615384 0.25961538461538464 0.37259615384615385