1 0.20673076923076922 0.1201923076923077 0.18269230769230768 0.2091346153846154
1 0.13581730769230768 0.6334134615384616 0.16346153846153846 0.1971153846153846
1 0.6262019230769231 0.8401442307692307 0.16346153846153846 0.1971153846153846
1 0.22355769230769232 0.8557692307692307 0.16346153846153846 0.1971153846153846
1 0.38221153846153844 0.4543269230769231 0.1658653846153846 0.23557692307692307
1 0.7115384615384616 0.5949519230769231 0.16346153846153846 0.23798076923076922
1 0.9242788461538461 0.6862980769230769 0.14903846153846154 0.2403846153846154
1 0.9423076923076923 0.38822115384615385 0.11057692307692307 0.23557692307692307
1 0.1622596153846154 0.38221153846153844 0.14182692307692307 0.22596153846153846
1 0.4963942307692308 0.484375 0.16346153846153846 0.23557692307692307
1 0.47716346153846156 0.671875 0.1658653846153846 0.23557692307692307
1 0.43149038461538464 0.8545673076923077 0.1658653846153846 0.21394230769230768
2 0.6262019230769231 0.265625 0.3629807692307692 0.4495192307692308
0 0.7920673076923077 0.8930288461538461 0.07451923076923077 0.0625