1 0.6838942307692307 0.6550480769230769 0.2548076923076923 0.16346153846153846
1 0.12139423076923077 0.7247596153846154 0.21634615384615385 0.18990384615384615
1 0.5264423076923077 0.7800480769230769 0.2548076923076923 0.1971153846153846
1 0.30408653846153844 0.8329326923076923 0.18028846153846154 0.19230769230769232
1 0.08774038461538461 0.15504807692307693 0.17307692307692307 0.16346153846153846
1 0.41225961538461536 0.07211538461538461 0.21875 0.13942307692307693
1 0.6454326923076923 0.07211538461538461 0.21875 0.13942307692307693
1 0.8629807692307693 0.5300480769230769 0.24519230769230768 0.20432692307692307
1 0.6694711538461539 0.3737980769230769 0.24278846153846154 0.1778846153846154
1 0.7175480769230769 0.21033653846153846 0.24278846153846154 0.1778846153846154
1 0.8389423076923077 0.2536057692307692 0.24278846153846154 0.1778846153846154
1 0.5384615384615384 0.9543269230769231 0.22115384615384615 0.0889423076923077
1 0.46033653846153844 0.22235576923076922 0.21153846153846154 0.15625
2 0.40625 0.45913461538461536 0.4855769230769231 0.36538461538461536