1 0.2668269230769231 0.42908653846153844 0.1875 0.25
1 0.45072115384615385 0.41225961538461536 0.1778846153846154 0.22596153846153846
1 0.36899038461538464 0.8930288461538461 0.15625 0.2091346153846154
1 0.18509615384615385 0.6790865384615384 0.1971153846153846 0.24519230769230768
1 0.13341346153846154 0.5757211538461539 0.15384615384615385 0.22115384615384615
1 0.11298076923076923 0.17427884615384615 0.16346153846153846 0.25240384615384615
1 0.6346153846153846 0.421875 0.16346153846153846 0.20192307692307693
1 0.8100961538461539 0.49038461538461536 0.18269230769230768 0.23798076923076922
1 0.6598557692307693 0.18990384615384615 0.18269230769230768 0.23798076923076922
1 0.2932692307692308 0.13701923076923078 0.18269230769230768 0.23798076923076922
1 0.9447115384615384 0.3076923076923077 0.10817307692307693 0.23798076923076922
1 0.7944711538461539 0.36658653846153844 0.1875 0.20673076923076922
1 0.5793269230769231 0.22115384615384615 0.1875 0.1875
1 0.7463942307692307 0.9050480769230769 0.18990384615384615 0.18509615384615385
2 0.5697115384615384 0.7091346153846154 0.3269230769230769 0.4423076923076923