1 0.265625 0.28365384615384615 0.27403846153846156 0.1971153846153846
1 0.3737980769230769 0.6923076923076923 0.27403846153846156 0.21875
1 0.5240384615384616 0.9170673076923077 0.1971153846153846 0.16346153846153846
1 0.11177884615384616 0.9435096153846154 0.22355769230769232 0.10817307692307693
1 0.8810096153846154 0.7283653846153846 0.23557692307692307 0.19951923076923078
1 0.6490384615384616 0.7620192307692307 0.23557692307692307 0.19951923076923078
1 0.0889423076923077 0.4891826923076923 0.17307692307692307 0.18509615384615385
1 0.9098557692307693 0.08052884615384616 0.17548076923076922 0.1466346153846154
1 0.8653846153846154 0.3473557692307692 0.24759615384615385 0.21394230769230768
1 0.9002403846153846 0.5204326923076923 0.19471153846153846 0.18990384615384615
1 0.3269230769230769 0.4182692307692308 0.23317307692307693 0.18028846153846154
2 0.609375 0.5036057692307693 0.44711538461538464 0.37259615384615385