1 0.9134615384615384 0.859375 0.17067307692307693 0.22596153846153846
1 0.7668269230769231 0.8233173076923077 0.17307692307692307 0.22355769230769232
1 0.2776442307692308 0.8665865384615384 0.1466346153846154 0.22115384615384615
1 0.5793269230769231 0.7139423076923077 0.1875 0.2548076923076923
1 0.6586538461538461 0.5372596153846154 0.1875 0.2548076923076923
1 0.703125 0.11899038461538461 0.18028846153846154 0.23798076923076922
1 0.8233173076923077 0.5204326923076923 0.15625 0.20432692307692307
1 0.15625 0.3088942307692308 0.16826923076923078 0.23557692307692307
1 0.18389423076923078 0.7127403846153846 0.19230769230769232 0.21153846153846154
1 0.40625 0.6850961538461539 0.1658653846153846 0.20192307692307693
1 0.421875 0.9026442307692307 0.16826923076923078 0.18990384615384615
1 0.2608173076923077 0.16826923076923078 0.1658653846153846 0.23557692307692307
1 0.3798076923076923 0.09615384615384616 0.15865384615384615 0.19230769230769232
0 0.8425480769230769 0.35336538461538464 0.052884615384615384 0.09615384615384616
0 0.7163461538461539 0.34615384615384615 0.08653846153846154 0.11057692307692307
0 0.20673076923076922 0.4795673076923077 0.06490384615384616 0.09615384615384616
0 0.20673076923076922 0.40024038461538464 0.06009615384615385 0.07211538461538461
2 0.45552884615384615 0.3389423076923077 0.33653846153846156 0.4110576923076923