1 0.125 0.5697115384615384 0.14423076923076922 0.23557692307692307
1 0.41466346153846156 0.31850961538461536 0.19951923076923078 0.23557692307692307
1 0.8882211538461539 0.5180288461538461 0.14903846153846154 0.22355769230769232
1 0.75 0.5697115384615384 0.17307692307692307 0.2283653846153846
1 0.6586538461538461 0.10576923076923077 0.19951923076923078 0.20673076923076922
1 0.4891826923076923 0.07091346153846154 0.20432692307692307 0.13942307692307693
1 0.2848557692307692 0.07091346153846154 0.14903846153846154 0.13942307692307693
1 0.14903846153846154 0.055288461538461536 0.13221153846153846 0.10576923076923077
1 0.23677884615384615 0.7512019230769231 0.15625 0.18269230769230768
1 0.4050480769230769 0.9254807692307693 0.18509615384615385 0.14423076923076922
1 0.22235576923076922 0.9387019230769231 0.17548076923076922 0.11778846153846154
1 0.640625 0.9387019230769231 0.17548076923076922 0.11778846153846154
1 0.8545673076923077 0.1466346153846154 0.1346153846153846 0.21634615384615385
1 0.6766826923076923 0.3088942307692308 0.15384615384615385 0.20192307692307693
1 0.8353365384615384 0.7463942307692307 0.16826923076923078 0.21153846153846154
2 0.46274038461538464 0.65625 0.2956730769230769 0.41346153846153844
0 0.07091346153846154 0.3605769230769231 0.11538461538461539 0.13942307692307693