1 0.39663461538461536 0.4411057692307692 0.20673076923076922 0.17548076923076922
1 0.20432692307692307 0.3918269230769231 0.2403846153846154 0.21153846153846154
1 0.40625 0.5985576923076923 0.21634615384615385 0.17548076923076922
1 0.7127403846153846 0.8713942307692307 0.21153846153846154 0.1658653846153846
1 0.9026442307692307 0.9158653846153846 0.19230769230769232 0.16346153846153846
1 0.9182692307692307 0.3389423076923077 0.15865384615384615 0.16346153846153846
1 0.7115384615384616 0.5168269230769231 0.20192307692307693 0.18269230769230768
1 0.09735576923076923 0.07451923076923077 0.19230769230769232 0.1466346153846154
1 0.6213942307692307 0.7247596153846154 0.25961538461538464 0.16826923076923078
1 0.11658653846153846 0.6310096153846154 0.23076923076923078 0.17067307692307693
1 0.2704326923076923 0.9387019230769231 0.24519230769230768 0.1201923076923077
1 0.4855769230769231 0.8978365384615384 0.24519230769230768 0.15384615384615385
1 0.4723557692307692 0.2608173076923077 0.2403846153846154 0.18269230769230768
0 0.04927884615384615 0.4014423076923077 0.09375 0.07451923076923077
2 0.8689903846153846 0.6802884615384616 0.25961538461538464 0.3317307692307692