2 0.38461538461538464 0.7680288461538461 0.24759615384615385 0.3076923076923077
1 0.31009615384615385 0.4651442307692308 0.17548076923076922 0.27163461538461536
1 0.06850961538461539 0.18870192307692307 0.13221153846153846 0.2764423076923077
1 0.19471153846153846 0.33774038461538464 0.17548076923076922 0.24519230769230768
1 0.1141826923076923 0.4807692307692308 0.17307692307692307 0.24519230769230768
1 0.18269230769230768 0.625 0.17548076923076922 0.24519230769230768
1 0.09975961538461539 0.6814903846153846 0.17548076923076922 0.24519230769230768
1 0.06610576923076923 0.8557692307692307 0.12740384615384615 0.22115384615384615
1 0.5240384615384616 0.9326923076923077 0.17067307692307693 0.12980769230769232
1 0.671875 0.7980769230769231 0.17307692307692307 0.21875
1 0.7716346153846154 0.7908653846153846 0.12740384615384615 0.23557692307692307
1 0.8389423076923077 0.7379807692307693 0.18990384615384615 0.28365384615384615
1 0.9447115384615384 0.6442307692307693 0.10817307692307693 0.24519230769230768
1 0.9375 0.9194711538461539 0.1201923076923077 0.15625
1 0.8713942307692307 0.2980769230769231 0.16826923076923078 0.19230769230769232
1 0.7043269230769231 0.30649038461538464 0.2620192307692308 0.27163461538461536
1 0.5456730769230769 0.09254807692307693 0.17067307692307693 0.18269230769230768
1 0.44350961538461536 0.40625 0.16826923076923078 0.19230769230769232
1 0.5637019230769231 0.6033653846153846 0.16826923076923078 0.19230769230769232
0 0.22956730769230768 0.7776442307692307 0.057692307692307696 0.0985576923076923
0 0.16706730769230768 0.8100961538461539 0.057692307692307696 0.0985576923076923
0 0.2704326923076923 0.9435096153846154 0.06009615384615385 0.0985576923076923
1 0.19471153846153846 0.08052884615384616 0.19471153846153846 0.16105769230769232