1 0.8341346153846154 0.7451923076923077 0.1778846153846154 0.23076923076923078
1 0.9471153846153846 0.5372596153846154 0.10096153846153846 0.2620192307692308
1 0.65625 0.328125 0.1778846153846154 0.23076923076923078
1 0.7391826923076923 0.26802884615384615 0.18269230769230768 0.25
1 0.6850961538461539 0.08052884615384616 0.15384615384615385 0.16105769230769232
1 0.5348557692307693 0.08052884615384616 0.15384615384615385 0.16105769230769232
1 0.09254807692307693 0.5180288461538461 0.16826923076923078 0.21153846153846154
1 0.14182692307692307 0.29927884615384615 0.16826923076923078 0.21153846153846154
1 0.31009615384615385 0.3798076923076923 0.16826923076923078 0.21153846153846154
1 0.5216346153846154 0.5877403846153846 0.19951923076923078 0.22355769230769232
1 0.6286057692307693 0.5384615384615384 0.1875 0.22355769230769232
1 0.671875 0.8016826923076923 0.15865384615384615 0.27884615384615385
1 0.45072115384615385 0.8245192307692307 0.11538461538461539 0.25961538461538464
1 0.38221153846153844 0.1502403846153846 0.22115384615384615 0.3004807692307692
2 0.27403846153846156 0.7235576923076923 0.36538461538461536 0.4375