2 0.6658653846153846 0.28846153846153844 0.20673076923076922 0.2644230769230769
1 0.5576923076923077 0.6983173076923077 0.18028846153846154 0.2283653846153846
1 0.4675480769230769 0.24639423076923078 0.18028846153846154 0.2283653846153846
1 0.37259615384615385 0.6370192307692307 0.1466346153846154 0.20432692307692307
1 0.21033653846153846 0.7331730769230769 0.1466346153846154 0.20432692307692307
1 0.2692307692307692 0.7692307692307693 0.1466346153846154 0.20432692307692307
1 0.38221153846153844 0.890625 0.20673076923076922 0.21634615384615385
1 0.6225961538461539 0.5649038461538461 0.15865384615384615 0.19230769230769232
1 0.7824519230769231 0.8149038461538461 0.21153846153846154 0.24759615384615385
1 0.8557692307692307 0.09615384615384616 0.18269230769230768 0.19230769230769232
1 0.6622596153846154 0.11057692307692307 0.16346153846153846 0.17307692307692307
1 0.27283653846153844 0.09254807692307693 0.18269230769230768 0.18509615384615385
1 0.09254807692307693 0.38100961538461536 0.18269230769230768 0.19230769230769232
1 0.0889423076923077 0.515625 0.17307692307692307 0.1971153846153846
1 0.06850961538461539 0.6346153846153846 0.1346153846153846 0.21153846153846154
1 0.19230769230769232 0.3137019230769231 0.15384615384615385 0.21153846153846154
1 0.27884615384615385 0.23557692307692307 0.15384615384615385 0.21153846153846154
1 0.26322115384615385 0.3858173076923077 0.15384615384615385 0.21153846153846154
1 0.26322115384615385 0.4411057692307692 0.16826923076923078 0.21634615384615385
1 0.30408653846153844 0.44591346153846156 0.16826923076923078 0.21634615384615385
1 0.3713942307692308 0.49399038461538464 0.16826923076923078 0.21634615384615385
1 0.8461538461538461 0.6189903846153846 0.19951923076923078 0.22596153846153846
1 0.18269230769230768 0.9375 0.20673076923076922 0.1201923076923077
1 0.9387019230769231 0.8930288461538461 0.11778846153846154 0.21394230769230768
0 0.8305288461538461 0.2668269230769231 0.0625 0.10096153846153846