1 0.203125 0.4375 0.15384615384615385 0.18269230769230768
1 0.14182692307692307 0.6466346153846154 0.1346153846153846 0.19230769230769232
1 0.05048076923076923 0.75 0.0985576923076923 0.22115384615384615
1 0.17067307692307693 0.84375 0.16826923076923078 0.19471153846153846
1 0.8617788461538461 0.7536057692307693 0.14423076923076922 0.1971153846153846
1 0.875 0.9146634615384616 0.18269230769230768 0.16346153846153846
1 0.7151442307692307 0.7055288461538461 0.19471153846153846 0.2548076923076923
1 0.6706730769230769 0.4098557692307692 0.15384615384615385 0.23076923076923078
1 0.9122596153846154 0.09134615384615384 0.125 0.18269230769230768
1 0.6814903846153846 0.19230769230769232 0.15865384615384615 0.19230769230769232
1 0.5673076923076923 0.9375 0.13942307692307693 0.1201923076923077
1 0.7764423076923077 0.20552884615384615 0.15384615384615385 0.2548076923076923
1 0.04807692307692308 0.5372596153846154 0.09134615384615384 0.1971153846153846
1 0.5709134615384616 0.5625 0.15384615384615385 0.18269230769230768
2 0.47115384615384615 0.3245192307692308 0.38461538461538464 0.4831730769230769