1 0.7644230769230769 0.21875 0.1875 0.1971153846153846
1 0.9266826923076923 0.14543269230769232 0.14182692307692307 0.29086538461538464
1 0.9074519230769231 0.8858173076923077 0.14903846153846154 0.21153846153846154
1 0.48197115384615385 0.5745192307692307 0.21153846153846154 0.23317307692307693
1 0.8954326923076923 0.5348557692307693 0.20432692307692307 0.23798076923076922
1 0.14423076923076922 0.7199519230769231 0.21153846153846154 0.23317307692307693
1 0.25721153846153844 0.5336538461538461 0.15865384615384615 0.22115384615384615
1 0.21875 0.8894230769230769 0.15865384615384615 0.21634615384615385
1 0.5709134615384616 0.30288461538461536 0.18269230769230768 0.21634615384615385
1 0.7391826923076923 0.7139423076923077 0.18269230769230768 0.21634615384615385
2 0.5012019230769231 0.8233173076923077 0.19471153846153846 0.2548076923076923