1 0.7487980769230769 0.7271634615384616 0.17307692307692307 0.2692307692307692
1 0.27524038461538464 0.43149038461538464 0.18509615384615385 0.22596153846153846
1 0.19951923076923078 0.25721153846153844 0.1466346153846154 0.23317307692307693
1 0.4014423076923077 0.3016826923076923 0.18269230769230768 0.2403846153846154
1 0.10096153846153846 0.6959134615384616 0.1466346153846154 0.23557692307692307
1 0.8966346153846154 0.7536057692307693 0.1346153846153846 0.22115384615384615
1 0.7391826923076923 0.3401442307692308 0.16346153846153846 0.21875
1 0.8461538461538461 0.5192307692307693 0.2091346153846154 0.19471153846153846
1 0.5564903846153846 0.06850961538461539 0.18028846153846154 0.13221153846153846
1 0.3245192307692308 0.8485576923076923 0.21153846153846154 0.25
0 0.6129807692307693 0.4483173076923077 0.0673076923076923 0.08173076923076923
0 0.1658653846153846 0.9423076923076923 0.0625 0.07211538461538461
2 0.5637019230769231 0.7079326923076923 0.2692307692307692 0.34134615384615385