1 0.4699519230769231 0.6490384615384616 0.3004807692307692 0.21394230769230768
1 0.15144230769230768 0.2620192307692308 0.2548076923076923 0.15865384615384615
1 0.11658653846153846 0.0829326923076923 0.2283653846153846 0.15865384615384615
1 0.8197115384615384 0.3786057692307692 0.2091346153846154 0.15384615384615385
1 0.6081730769230769 0.38221153846153844 0.2644230769230769 0.17307692307692307
1 0.3701923076923077 0.4411057692307692 0.2644230769230769 0.17307692307692307
1 0.5516826923076923 0.0829326923076923 0.2548076923076923 0.16346153846153846
1 0.7331730769230769 0.17668269230769232 0.25 0.22596153846153846
1 0.46033653846153844 0.9026442307692307 0.28125 0.18990384615384615
1 0.7115384615384616 0.7692307692307693 0.25961538461538464 0.19230769230769232
2 0.17908653846153846 0.6574519230769231 0.3557692307692308 0.34615384615384615
0 0.6814903846153846 0.039663461538461536 0.07211538461538461 0.06009615384615385