1 0.5144230769230769 0.6598557692307693 0.21875 0.15865384615384615
1 0.5360576923076923 0.5817307692307693 0.27403846153846156 0.16346153846153846
1 0.5697115384615384 0.8461538461538461 0.23798076923076922 0.1875
1 0.7692307692307693 0.90625 0.20673076923076922 0.16346153846153846
1 0.5528846153846154 0.3870192307692308 0.23557692307692307 0.17307692307692307
1 0.3233173076923077 0.08774038461538461 0.20432692307692307 0.1466346153846154
1 0.7932692307692307 0.07451923076923077 0.21634615384615385 0.14423076923076922
1 0.1346153846153846 0.8798076923076923 0.1778846153846154 0.14182692307692307
1 0.34134615384615385 0.4182692307692308 0.18990384615384615 0.13942307692307693
1 0.8653846153846154 0.1658653846153846 0.24519230769230768 0.19230769230769232
1 0.8473557692307693 0.46875 0.21153846153846154 0.19951923076923078
2 0.17908653846153846 0.5997596153846154 0.3557692307692308 0.3557692307692308