2 0.5240384615384616 0.22716346153846154 0.2932692307692308 0.2403846153846154
0 0.6370192307692307 0.7391826923076923 0.07211538461538461 0.0889423076923077
1 0.29927884615384615 0.46875 0.24278846153846154 0.1875
1 0.1971153846153846 0.39302884615384615 0.20192307692307693 0.12980769230769232
1 0.3918269230769231 0.6514423076923077 0.18269230769230768 0.15865384615384615
1 0.38461538461538464 0.765625 0.19471153846153846 0.19471153846153846
1 0.5228365384615384 0.4495192307692308 0.23076923076923078 0.19471153846153846
1 0.6766826923076923 0.4170673076923077 0.23076923076923078 0.19471153846153846
1 0.7944711538461539 0.3076923076923077 0.23076923076923078 0.19471153846153846
1 0.8870192307692307 0.4963942307692308 0.22115384615384615 0.1971153846153846
1 0.8725961538461539 0.7115384615384616 0.23076923076923078 0.19471153846153846
1 0.32211538461538464 0.8954326923076923 0.18509615384615385 0.18990384615384615
1 0.21514423076923078 0.9086538461538461 0.1971153846153846 0.18028846153846154
1 0.11658653846153846 0.7487980769230769 0.21153846153846154 0.16826923076923078
1 0.17427884615384615 0.20432692307692307 0.2620192307692308 0.2091346153846154
1 0.26802884615384615 0.10576923076923077 0.25 0.1778846153846154
1 0.4014423076923077 0.06490384615384616 0.2644230769230769 0.12980769230769232
1 0.5444711538461539 0.05889423076923077 0.27163461538461536 0.11298076923076923
1 0.6730769230769231 0.056490384615384616 0.22596153846153846 0.10817307692307693
1 0.7716346153846154 0.056490384615384616 0.22596153846153846 0.10817307692307693
1 0.8665865384615384 0.09134615384615384 0.22355769230769232 0.12980769230769232
1 0.9495192307692307 0.07932692307692307 0.09615384615384616 0.14903846153846154
1 0.052884615384615384 0.3954326923076923 0.10576923076923077 0.15144230769230768
1 0.078125 0.5024038461538461 0.15625 0.14903846153846154