1 0.7716346153846154 0.17668269230769232 0.28365384615384615 0.15865384615384615
1 0.9122596153846154 0.6766826923076923 0.17067307692307693 0.18509615384615385
1 0.8858173076923077 0.4483173076923077 0.22115384615384615 0.1875
1 0.6225961538461539 0.859375 0.22115384615384615 0.1875
1 0.2848557692307692 0.36658653846153844 0.22115384615384615 0.1875
1 0.09375 0.23798076923076922 0.18269230769230768 0.1875
1 0.14182692307692307 0.5733173076923077 0.2403846153846154 0.17307692307692307
1 0.33413461538461536 0.15625 0.18269230769230768 0.16826923076923078
1 0.7259615384615384 0.34134615384615385 0.2283653846153846 0.17067307692307693
1 0.515625 0.27524038461538464 0.2644230769230769 0.22596153846153846
1 0.0829326923076923 0.8197115384615384 0.16346153846153846 0.17307692307692307
1 0.4639423076923077 0.9375 0.22355769230769232 0.12259615384615384
2 0.4807692307692308 0.5637019230769231 0.4375 0.33653846153846156
0 0.9302884615384616 0.13581730769230768 0.08173076923076923 0.06009615384615385