1 0.28966346153846156 0.30649038461538464 0.22596153846153846 0.15384615384615385
1 0.09134615384615384 0.21514423076923078 0.18269230769230768 0.15865384615384615
1 0.0829326923076923 0.4855769230769231 0.16346153846153846 0.15384615384615385
1 0.09495192307692307 0.6850961538461539 0.1875 0.15625
1 0.2920673076923077 0.9483173076923077 0.18509615384615385 0.10096153846153846
1 0.7451923076923077 0.9302884615384616 0.2091346153846154 0.13701923076923078
1 0.6754807692307693 0.39663461538461536 0.20673076923076922 0.17307692307692307
1 0.8725961538461539 0.17427884615384615 0.20673076923076922 0.17307692307692307
1 0.3449519230769231 0.6394230769230769 0.21153846153846154 0.20432692307692307
1 0.8088942307692307 0.4074519230769231 0.1875 0.16346153846153846
1 0.5168269230769231 0.29447115384615385 0.27884615384615385 0.1971153846153846
2 0.6478365384615384 0.6189903846153846 0.3942307692307692 0.3076923076923077