1 0.8257211538461539 0.5913461538461539 0.15865384615384615 0.18269230769230768
1 0.38822115384615385 0.30408653846153844 0.2548076923076923 0.18269230769230768
1 0.3605769230769231 0.5276442307692307 0.2548076923076923 0.18269230769230768
1 0.4651442307692308 0.12980769230769232 0.2548076923076923 0.19230769230769232
1 0.109375 0.5973557692307693 0.21394230769230768 0.19471153846153846
1 0.7235576923076923 0.8497596153846154 0.21394230769230768 0.13942307692307693
1 0.9362980769230769 0.16947115384615385 0.125 0.15144230769230768
1 0.9362980769230769 0.4230769230769231 0.125 0.1971153846153846
1 0.23798076923076922 0.9014423076923077 0.24278846153846154 0.17067307692307693
1 0.17067307692307693 0.9471153846153846 0.28365384615384615 0.10096153846153846
2 0.6586538461538461 0.4050480769230769 0.30288461538461536 0.2403846153846154
0 0.5048076923076923 0.5036057692307693 0.07932692307692307 0.04807692307692308