1 0.5240384615384616 0.07451923076923077 0.23076923076923078 0.14903846153846154
1 0.7019230769230769 0.5805288461538461 0.2091346153846154 0.18269230769230768
1 0.5216346153846154 0.8557692307692307 0.20673076923076922 0.1875
1 0.7716346153846154 0.8737980769230769 0.23317307692307693 0.18990384615384615
1 0.28125 0.6887019230769231 0.23317307692307693 0.1875
1 0.2091346153846154 0.23197115384615385 0.20432692307692307 0.15865384615384615
1 0.9206730769230769 0.31971153846153844 0.15384615384615385 0.15865384615384615
1 0.8966346153846154 0.7079326923076923 0.20192307692307693 0.16105769230769232
1 0.11778846153846154 0.4338942307692308 0.20432692307692307 0.15865384615384615
1 0.6394230769230769 0.5889423076923077 0.2091346153846154 0.18269230769230768
1 0.5516826923076923 0.109375 0.23076923076923078 0.14903846153846154
2 0.53125 0.375 0.47115384615384615 0.4230769230769231
0 0.8305288461538461 0.20552884615384615 0.10096153846153846 0.07451923076923077