2 0.6730769230769231 0.3713942307692308 0.25 0.3173076923076923
1 0.7836538461538461 0.5961538461538461 0.18269230769230768 0.22596153846153846
1 0.4326923076923077 0.6346153846153846 0.15144230769230768 0.2692307692307692
1 0.4951923076923077 0.6490384615384616 0.11538461538461539 0.2668269230769231
1 0.5480769230769231 0.7019230769230769 0.11538461538461539 0.2668269230769231
1 0.5901442307692307 0.7427884615384616 0.11538461538461539 0.2668269230769231
1 0.6382211538461539 0.7512019230769231 0.11538461538461539 0.2668269230769231
1 0.18629807692307693 0.5709134615384616 0.18269230769230768 0.22596153846153846
1 0.2704326923076923 0.5444711538461539 0.18269230769230768 0.22596153846153846
1 0.14302884615384615 0.7572115384615384 0.18269230769230768 0.22596153846153846
1 0.028846153846153848 0.8221153846153846 0.052884615384615384 0.23076923076923078
1 0.03365384615384615 0.2764423076923077 0.06490384615384616 0.21634615384615385
1 0.06370192307692307 0.16105769230769232 0.125 0.22115384615384615
1 0.33413461538461536 0.25841346153846156 0.19230769230769232 0.24519230769230768
1 0.41947115384615385 0.08774038461538461 0.1971153846153846 0.17548076923076922
1 0.33653846153846156 0.8942307692307693 0.19230769230769232 0.20673076923076922
1 0.6262019230769231 0.9170673076923077 0.18269230769230768 0.16346153846153846
1 0.8209134615384616 0.140625 0.15865384615384615 0.24278846153846154
1 0.6045673076923077 0.08533653846153846 0.15625 0.17067307692307693