1 0.09134615384615384 0.11538461538461539 0.1778846153846154 0.22596153846153846
1 0.2848557692307692 0.25961538461538464 0.18028846153846154 0.23557692307692307
1 0.06610576923076923 0.8245192307692307 0.12740384615384615 0.22596153846153846
1 0.4675480769230769 0.5180288461538461 0.16826923076923078 0.2283653846153846
1 0.6502403846153846 0.26802884615384615 0.16826923076923078 0.2283653846153846
1 0.921875 0.3942307692307692 0.15384615384615385 0.23076923076923078
1 0.8617788461538461 0.6069711538461539 0.16826923076923078 0.2283653846153846
1 0.7127403846153846 0.5877403846153846 0.14423076923076922 0.18509615384615385
1 0.7596153846153846 0.9495192307692307 0.14423076923076922 0.09615384615384616
1 0.078125 0.33052884615384615 0.15144230769230768 0.23317307692307693
1 0.17668269230769232 0.6322115384615384 0.15625 0.2644230769230769
2 0.3016826923076923 0.8713942307692307 0.22355769230769232 0.25240384615384615