2 0.5348557692307693 0.625 0.2548076923076923 0.33653846153846156
1 0.4699519230769231 0.13942307692307693 0.2283653846153846 0.22596153846153846
1 0.5925480769230769 0.36778846153846156 0.18269230769230768 0.24759615384615385
1 0.8377403846153846 0.296875 0.18269230769230768 0.24759615384615385
1 0.7704326923076923 0.43028846153846156 0.18269230769230768 0.24759615384615385
1 0.7379807692307693 0.5817307692307693 0.18269230769230768 0.24759615384615385
1 0.8269230769230769 0.6274038461538461 0.15384615384615385 0.21153846153846154
1 0.8245192307692307 0.7391826923076923 0.15384615384615385 0.21153846153846154
1 0.7884615384615384 0.8413461538461539 0.15384615384615385 0.21153846153846154
1 0.9074519230769231 0.7524038461538461 0.15384615384615385 0.21153846153846154
1 0.06370192307692307 0.14543269230769232 0.125 0.2403846153846154
1 0.21394230769230768 0.1141826923076923 0.19230769230769232 0.22596153846153846
1 0.7728365384615384 0.1201923076923077 0.21153846153846154 0.23557692307692307
0 0.6526442307692307 0.06490384615384616 0.0673076923076923 0.1201923076923077
0 0.3605769230769231 0.9086538461538461 0.0673076923076923 0.07211538461538461
1 0.38221153846153844 0.3449519230769231 0.15384615384615385 0.22596153846153846
1 0.11538461538461539 0.42788461538461536 0.15384615384615385 0.22596153846153846
1 0.13701923076923078 0.9254807692307693 0.13942307692307693 0.14423076923076922
1 0.2644230769230769 0.9254807692307693 0.13942307692307693 0.14423076923076922
1 0.07692307692307693 0.8677884615384616 0.15144230769230768 0.18269230769230768