2 0.35697115384615385 0.34975961538461536 0.24519230769230768 0.21634615384615385
0 0.5252403846153846 0.25600961538461536 0.10096153846153846 0.08173076923076923
1 0.7103365384615384 0.8545673076923077 0.24519230769230768 0.1778846153846154
1 0.34615384615384615 0.7319711538461539 0.19230769230769232 0.1346153846153846
1 0.171875 0.9375 0.19471153846153846 0.12259615384615384
1 0.21514423076923078 0.6790865384615384 0.24519230769230768 0.20192307692307693
1 0.17908653846153846 0.5084134615384616 0.24519230769230768 0.20192307692307693
1 0.5444711538461539 0.6670673076923077 0.19471153846153846 0.1778846153846154
1 0.7836538461538461 0.6790865384615384 0.2548076923076923 0.17067307692307693
1 0.6706730769230769 0.35697115384615385 0.22596153846153846 0.15384615384615385
1 0.5901442307692307 0.16346153846153846 0.22596153846153846 0.15384615384615385
1 0.5889423076923077 0.0673076923076923 0.3076923076923077 0.1346153846153846
1 0.390625 0.5144230769230769 0.22596153846153846 0.15384615384615385
1 0.6213942307692307 0.5192307692307693 0.22596153846153846 0.15384615384615385
1 0.8774038461538461 0.49158653846153844 0.2403846153846154 0.21394230769230768
1 0.9170673076923077 0.31850961538461536 0.16105769230769232 0.1658653846153846
1 0.8846153846153846 0.8269230769230769 0.22596153846153846 0.23076923076923078
1 0.3762019230769231 0.051682692307692304 0.23557692307692307 0.10336538461538461
1 0.8846153846153846 0.13822115384615385 0.22596153846153846 0.16105769230769232