1 0.765625 0.21033653846153846 0.19230769230769232 0.20192307692307693
1 0.9266826923076923 0.14182692307692307 0.14182692307692307 0.27884615384615385
1 0.9110576923076923 0.8882211538461539 0.15384615384615385 0.21634615384615385
1 0.47836538461538464 0.5709134615384616 0.21394230769230768 0.23557692307692307
1 0.8966346153846154 0.5324519230769231 0.20192307692307693 0.24278846153846154
1 0.1346153846153846 0.7199519230769231 0.21394230769230768 0.23557692307692307
1 0.25 0.5300480769230769 0.16105769230769232 0.22355769230769232
1 0.21033653846153846 0.890625 0.16346153846153846 0.21634615384615385
1 0.5697115384615384 0.2956730769230769 0.1875 0.22115384615384615
1 0.7403846153846154 0.7139423076923077 0.1875 0.22115384615384615
2 0.49759615384615385 0.8245192307692307 0.19951923076923078 0.25961538461538464