1 0.5973557692307693 0.890625 0.17548076923076922 0.18269230769230768
1 0.43990384615384615 0.8521634615384616 0.16346153846153846 0.2403846153846154
1 0.5612980769230769 0.41346153846153844 0.13942307692307693 0.20673076923076922
1 0.8497596153846154 0.5757211538461539 0.17307692307692307 0.2644230769230769
1 0.4987980769230769 0.06971153846153846 0.13942307692307693 0.1346153846153846
1 0.38822115384615385 0.06971153846153846 0.13942307692307693 0.1346153846153846
1 0.9350961538461539 0.23918269230769232 0.125 0.2403846153846154
1 0.7536057692307693 0.2920673076923077 0.18990384615384615 0.22596153846153846
1 0.19110576923076922 0.9134615384615384 0.18028846153846154 0.16826923076923078
1 0.10817307692307693 0.8894230769230769 0.14423076923076922 0.20192307692307693
2 0.32211538461538464 0.5925480769230769 0.1971153846153846 0.2668269230769231
0 0.9723557692307693 0.7439903846153846 0.052884615384615384 0.09134615384615384
0 0.9867788461538461 0.6382211538461539 0.02403846153846154 0.09134615384615384
0 0.8665865384615384 0.1502403846153846 0.052884615384615384 0.0889423076923077