1 0.6045673076923077 0.7307692307692307 0.21153846153846154 0.22115384615384615
1 0.4519230769230769 0.8774038461538461 0.14182692307692307 0.21153846153846154
1 0.17307692307692307 0.8473557692307693 0.16346153846153846 0.21875
1 0.33052884615384615 0.7487980769230769 0.16346153846153846 0.21875
1 0.30528846153846156 0.5432692307692307 0.16346153846153846 0.21875
1 0.4362980769230769 0.203125 0.18269230769230768 0.22115384615384615
1 0.6189903846153846 0.35336538461538464 0.18269230769230768 0.2548076923076923
1 0.328125 0.3918269230769231 0.1778846153846154 0.23076923076923078
1 0.6286057692307693 0.1141826923076923 0.1875 0.22596153846153846
1 0.8161057692307693 0.1141826923076923 0.20673076923076922 0.13701923076923078
1 0.08653846153846154 0.22235576923076922 0.17067307692307693 0.17307692307692307
1 0.07692307692307693 0.3449519230769231 0.14903846153846154 0.20673076923076922
1 0.14302884615384615 0.07091346153846154 0.14903846153846154 0.13701923076923078
1 0.34134615384615385 0.07091346153846154 0.14903846153846154 0.13701923076923078
2 0.8497596153846154 0.5504807692307693 0.2980769230769231 0.4230769230769231
0 0.7139423076923077 0.7127403846153846 0.0673076923076923 0.09134615384615384