2 0.7283653846153846 0.6310096153846154 0.3918269230769231 0.34375
1 0.7043269230769231 0.4170673076923077 0.21634615384615385 0.16826923076923078
1 0.6081730769230769 0.33052884615384615 0.18509615384615385 0.14423076923076922
1 0.46875 0.11899038461538461 0.19230769230769232 0.17307692307692307
1 0.3581730769230769 0.23557692307692307 0.2548076923076923 0.21634615384615385
1 0.8509615384615384 0.109375 0.25961538461538464 0.15865384615384615
1 0.9098557692307693 0.2608173076923077 0.1778846153846154 0.16346153846153846
1 0.6213942307692307 0.9362980769230769 0.24759615384615385 0.12259615384615384
1 0.46153846153846156 0.8413461538461539 0.24278846153846154 0.17548076923076922
1 0.3112980769230769 0.41947115384615385 0.1971153846153846 0.17307692307692307
1 0.16346153846153846 0.3317307692307692 0.21153846153846154 0.1875
1 0.18509615384615385 0.9314903846153846 0.1875 0.13221153846153846
1 0.08774038461538461 0.8185096153846154 0.17067307692307693 0.21394230769230768
1 0.0985576923076923 0.12620192307692307 0.19230769230769232 0.12980769230769232
1 0.7163461538461539 0.8389423076923077 0.3076923076923077 0.15144230769230768
1 0.35336538461538464 0.5709134615384616 0.24278846153846154 0.18990384615384615
0 0.4098557692307692 0.44591346153846156 0.06490384615384616 0.055288461538461536