1 0.4579326923076923 0.11177884615384616 0.21153846153846154 0.1466346153846154
1 0.2980769230769231 0.23197115384615385 0.23557692307692307 0.1971153846153846
1 0.7451923076923077 0.12379807692307693 0.23798076923076922 0.17307692307692307
1 0.6334134615384616 0.5132211538461539 0.23557692307692307 0.19230769230769232
1 0.33413461538461536 0.8245192307692307 0.23557692307692307 0.1778846153846154
1 0.6586538461538461 0.30649038461538464 0.23076923076923078 0.19951923076923078
1 0.359375 0.5709134615384616 0.19230769230769232 0.14423076923076922
1 0.2608173076923077 0.6646634615384616 0.19230769230769232 0.1466346153846154
1 0.0889423076923077 0.9266826923076923 0.1778846153846154 0.14182692307692307
1 0.5697115384615384 0.8966346153846154 0.1778846153846154 0.1658653846153846
1 0.6622596153846154 0.9086538461538461 0.22115384615384615 0.17067307692307693
1 0.4338942307692308 0.36778846153846156 0.33653846153846156 0.16826923076923078
1 0.08052884615384616 0.2127403846153846 0.15865384615384615 0.1971153846153846
1 0.23076923076923078 0.5793269230769231 0.16826923076923078 0.12980769230769232
0 0.8725961538461539 0.3173076923076923 0.07692307692307693 0.0673076923076923
0 0.4807692307692308 0.4423076923076923 0.08173076923076923 0.0673076923076923
0 0.4050480769230769 0.6935096153846154 0.10096153846153846 0.052884615384615384
0 0.0673076923076923 0.8461538461538461 0.07692307692307693 0.06971153846153846
2 0.8064903846153846 0.7007211538461539 0.38221153846153844 0.3605769230769231