1 0.7848557692307693 0.13701923076923078 0.1778846153846154 0.20432692307692307
1 0.8545673076923077 0.6382211538461539 0.15865384615384615 0.19471153846153846
1 0.3762019230769231 0.8401442307692307 0.15865384615384615 0.19230769230769232
1 0.7692307692307693 0.8545673076923077 0.15865384615384615 0.19230769230769232
1 0.6141826923076923 0.4639423076923077 0.15865384615384615 0.23076923076923078
1 0.29447115384615385 0.6009615384615384 0.15865384615384615 0.23076923076923078
1 0.08052884615384616 0.6899038461538461 0.15865384615384615 0.23317307692307693
1 0.0625 0.39903846153846156 0.12259615384615384 0.23076923076923078
1 0.8293269230769231 0.3942307692307692 0.13701923076923078 0.22115384615384615
1 0.5036057692307693 0.49399038461538464 0.15865384615384615 0.23076923076923078
1 0.5216346153846154 0.6766826923076923 0.16105769230769232 0.23076923076923078
1 0.5673076923076923 0.8545673076923077 0.16346153846153846 0.20673076923076922
2 0.37740384615384615 0.27884615384615385 0.35336538461538464 0.4375
0 0.21514423076923078 0.8918269230769231 0.07211538461538461 0.0625