1 0.17548076923076922 0.125 0.24519230769230768 0.1658653846153846
1 0.32091346153846156 0.06129807692307692 0.19951923076923078 0.1201923076923077
1 0.5036057692307693 0.12379807692307693 0.23798076923076922 0.18028846153846154
1 0.46634615384615385 0.7199519230769231 0.21634615384615385 0.15625
1 0.15384615384615385 0.4326923076923077 0.22115384615384615 0.12980769230769232
1 0.15264423076923078 0.36778846153846156 0.21634615384615385 0.15625
1 0.8245192307692307 0.7932692307692307 0.25240384615384615 0.18269230769230768
1 0.9182692307692307 0.1875 0.15865384615384615 0.1778846153846154
1 0.12860576923076922 0.8052884615384616 0.21634615384615385 0.15625
1 0.19951923076923078 0.7079326923076923 0.16826923076923078 0.14423076923076922
1 0.375 0.3798076923076923 0.20673076923076922 0.15384615384615385
2 0.6622596153846154 0.5600961538461539 0.4254807692307692 0.3076923076923077
0 0.7007211538461539 0.15264423076923078 0.08653846153846154 0.05048076923076923