1 0.46274038461538464 0.5769230769230769 0.22115384615384615 0.1466346153846154
1 0.11658653846153846 0.5552884615384616 0.2283653846153846 0.17307692307692307
1 0.1778846153846154 0.30288461538461536 0.1971153846153846 0.12980769230769232
1 0.7127403846153846 0.7728365384615384 0.20192307692307693 0.14182692307692307
1 0.5576923076923077 0.7055288461538461 0.21153846153846154 0.15384615384615385
1 0.33653846153846156 0.7920673076923077 0.21153846153846154 0.15384615384615385
1 0.890625 0.5168269230769231 0.21634615384615385 0.1778846153846154
1 0.5360576923076923 0.03245192307692308 0.23557692307692307 0.06490384615384616
1 0.875 0.3701923076923077 0.24519230769230768 0.17067307692307693
1 0.11778846153846154 0.07451923076923077 0.23557692307692307 0.14903846153846154
2 0.4651442307692308 0.2644230769230769 0.3389423076923077 0.28365384615384615
0 0.5625 0.8269230769230769 0.07211538461538461 0.055288461538461536
0 0.04567307692307692 0.2608173076923077 0.08653846153846154 0.055288461538461536
0 0.1622596153846154 0.04927884615384615 0.05048076923076923 0.03125
0 0.3161057692307692 0.6033653846153846 0.07211538461538461 0.057692307692307696