2 0.7487980769230769 0.5985576923076923 0.2956730769230769 0.2403846153846154
1 0.4579326923076923 0.6706730769230769 0.2620192307692308 0.16826923076923078
1 0.19230769230769232 0.9182692307692307 0.2692307692307692 0.15865384615384615
1 0.33533653846153844 0.7824519230769231 0.23557692307692307 0.17067307692307693
1 0.4723557692307692 0.859375 0.23557692307692307 0.16826923076923078
1 0.6117788461538461 0.7932692307692307 0.23557692307692307 0.16826923076923078
1 0.6670673076923077 0.8737980769230769 0.23557692307692307 0.16826923076923078
1 0.8329326923076923 0.9206730769230769 0.21394230769230768 0.15384615384615385
1 0.921875 0.4639423076923077 0.15144230769230768 0.16346153846153846
1 0.7788461538461539 0.32091346153846156 0.21153846153846154 0.16826923076923078
1 0.7716346153846154 0.2247596153846154 0.22596153846153846 0.125
1 0.7199519230769231 0.15985576923076922 0.27163461538461536 0.18269230769230768
1 0.6298076923076923 0.056490384615384616 0.23557692307692307 0.11057692307692307
1 0.9098557692307693 0.0625 0.1778846153846154 0.1201923076923077
1 0.296875 0.12860576923076922 0.18509615384615385 0.16346153846153846
1 0.30649038461538464 0.29086538461538464 0.2620192307692308 0.25
1 0.09375 0.44350961538461536 0.18269230769230768 0.16346153846153846
1 0.4014423076923077 0.5420673076923077 0.18509615384615385 0.16346153846153846
1 0.5901442307692307 0.4266826923076923 0.18509615384615385 0.16346153846153846
0 0.7584134615384616 0.7487980769230769 0.09615384615384616 0.057692307692307696
0 0.7896634615384616 0.8088942307692307 0.09615384615384616 0.057692307692307696
0 0.9182692307692307 0.7091346153846154 0.09615384615384616 0.057692307692307696
1 0.08173076923076923 0.7836538461538461 0.15865384615384615 0.1875