1 0.6153846153846154 0.3317307692307692 0.22115384615384615 0.28365384615384615
1 0.19591346153846154 0.40625 0.14182692307692307 0.19230769230769232
1 0.3485576923076923 0.31850961538461536 0.1778846153846154 0.20192307692307693
1 0.3293269230769231 0.6394230769230769 0.16105769230769232 0.1778846153846154
1 0.5096153846153846 0.5721153846153846 0.18509615384615385 0.1971153846153846
1 0.6826923076923077 0.7944711538461539 0.15384615384615385 0.20673076923076922
1 0.8689903846153846 0.8377403846153846 0.18269230769230768 0.25
1 0.4879807692307692 0.8966346153846154 0.20192307692307693 0.20192307692307693
1 0.21394230769230768 0.8341346153846154 0.18990384615384615 0.2403846153846154
1 0.8521634615384616 0.34134615384615385 0.16826923076923078 0.20673076923076922
1 0.9074519230769231 0.5697115384615384 0.18028846153846154 0.2644230769230769
1 0.4639423076923077 0.12620192307692307 0.18269230769230768 0.2403846153846154
2 0.1971153846153846 0.17548076923076922 0.3918269230769231 0.3485576923076923