1 0.12980769230769232 0.5709134615384616 0.18269230769230768 0.21153846153846154
1 0.09014423076923077 0.8617788461538461 0.16105769230769232 0.21634615384615385
1 0.12379807692307693 0.16105769230769232 0.18509615384615385 0.22115384615384615
1 0.2620192307692308 0.23557692307692307 0.18509615384615385 0.22115384615384615
1 0.34615384615384615 0.38461538461538464 0.18990384615384615 0.2668269230769231
1 0.4795673076923077 0.17908653846153846 0.16105769230769232 0.2091346153846154
1 0.6526442307692307 0.30408653846153844 0.17067307692307693 0.1971153846153846
1 0.6334134615384616 0.796875 0.20192307692307693 0.24278846153846154
1 0.3786057692307692 0.9098557692307693 0.21875 0.17548076923076922
1 0.35697115384615385 0.7019230769230769 0.18028846153846154 0.20432692307692307
1 0.39903846153846156 0.625 0.14903846153846154 0.17307692307692307
1 0.7560096153846154 0.9362980769230769 0.25240384615384615 0.12259615384615384
1 0.9266826923076923 0.4699519230769231 0.14423076923076922 0.1778846153846154
1 0.8341346153846154 0.6862980769230769 0.13701923076923078 0.18269230769230768
1 0.9122596153846154 0.7211538461538461 0.15625 0.23557692307692307
2 0.8834134615384616 0.20432692307692307 0.23076923076923078 0.40865384615384615
0 0.7283653846153846 0.45913461538461536 0.11538461538461539 0.16105769230769232
0 0.13942307692307693 0.7487980769230769 0.07451923076923077 0.09615384615384616
0 0.21754807692307693 0.9483173076923077 0.08653846153846154 0.08653846153846154