2 0.28966346153846156 0.30288461538461536 0.28846153846153844 0.3125
0 0.7668269230769231 0.7872596153846154 0.057692307692307696 0.07692307692307693
0 0.7271634615384616 0.9158653846153846 0.08413461538461539 0.10576923076923077
0 0.2920673076923077 0.046875 0.057692307692307696 0.07692307692307693
1 0.9098557692307693 0.32091346153846156 0.1778846153846154 0.22596153846153846
1 0.42908653846153844 0.5697115384615384 0.18990384615384615 0.22355769230769232
1 0.4891826923076923 0.6370192307692307 0.18990384615384615 0.22355769230769232
1 0.5901442307692307 0.6033653846153846 0.18990384615384615 0.22355769230769232
1 0.6634615384615384 0.6141826923076923 0.18990384615384615 0.22355769230769232
1 0.7319711538461539 0.5649038461538461 0.18990384615384615 0.22355769230769232
1 0.7932692307692307 0.5480769230769231 0.18990384615384615 0.22355769230769232
1 0.9038461538461539 0.5985576923076923 0.18990384615384615 0.22355769230769232
1 0.2764423076923077 0.8882211538461539 0.19230769230769232 0.21875
1 0.4423076923076923 0.8882211538461539 0.19230769230769232 0.21875
1 0.5612980769230769 0.8329326923076923 0.18990384615384615 0.22355769230769232
1 0.08052884615384616 0.47716346153846156 0.15865384615384615 0.2764423076923077
1 0.6682692307692307 0.078125 0.19230769230769232 0.15384615384615385