1 0.4387019230769231 0.6754807692307693 0.22355769230769232 0.28365384615384615
1 0.8617788461538461 0.6009615384615384 0.14182692307692307 0.19230769230769232
1 0.7079326923076923 0.6887019230769231 0.1778846153846154 0.20192307692307693
1 0.7283653846153846 0.36658653846153844 0.16346153846153846 0.18028846153846154
1 0.5456730769230769 0.43509615384615385 0.1875 0.1971153846153846
1 0.3713942307692308 0.21033653846153846 0.15384615384615385 0.2091346153846154
1 0.18389423076923078 0.16826923076923078 0.18269230769230768 0.25
1 0.5685096153846154 0.1045673076923077 0.20192307692307693 0.2091346153846154
1 0.84375 0.17067307692307693 0.19230769230769232 0.24278846153846154
1 0.20072115384615385 0.6670673076923077 0.16826923076923078 0.20673076923076922
1 0.14302884615384615 0.4375 0.18269230769230768 0.25961538461538464
1 0.5925480769230769 0.8798076923076923 0.1875 0.23557692307692307
2 0.8305288461538461 0.828125 0.33413461538461536 0.34134615384615385