1 0.4206730769230769 0.22355769230769232 0.17548076923076922 0.22596153846153846
1 0.22956730769230768 0.2692307692307692 0.20432692307692307 0.23557692307692307
1 0.2536057692307692 0.07932692307692307 0.21153846153846154 0.15625
1 0.44471153846153844 0.5228365384615384 0.20673076923076922 0.23076923076923078
1 0.6850961538461539 0.7644230769230769 0.20673076923076922 0.23076923076923078
1 0.5084134615384616 0.7980769230769231 0.15625 0.21153846153846154
1 0.38461538461538464 0.7235576923076923 0.16105769230769232 0.1971153846153846
1 0.07451923076923077 0.890625 0.14423076923076922 0.21394230769230768
1 0.07211538461538461 0.6454326923076923 0.14182692307692307 0.22355769230769232
1 0.1971153846153846 0.5024038461538461 0.1778846153846154 0.25
1 0.6538461538461539 0.09495192307692307 0.18028846153846154 0.18509615384615385
1 0.7728365384615384 0.23317307692307693 0.1778846153846154 0.23557692307692307
1 0.7824519230769231 0.46033653846153844 0.1778846153846154 0.23557692307692307
2 0.6105769230769231 0.3557692307692308 0.18990384615384615 0.2692307692307692
0 0.9819711538461539 0.9026442307692307 0.03125 0.09375