1 0.13581730769230768 0.7536057692307693 0.18269230769230768 0.15144230769230768
1 0.21153846153846154 0.5084134615384616 0.20673076923076922 0.16826923076923078
1 0.2776442307692308 0.27283653846153844 0.1778846153846154 0.16826923076923078
1 0.2608173076923077 0.07692307692307693 0.2692307692307692 0.12740384615384615
1 0.43509615384615385 0.8533653846153846 0.27403846153846156 0.18509615384615385
1 0.4254807692307692 0.5276442307692307 0.20673076923076922 0.16826923076923078
1 0.43509615384615385 0.41346153846153844 0.20673076923076922 0.14903846153846154
1 0.7740384615384616 0.4963942307692308 0.20673076923076922 0.16826923076923078
1 0.6442307692307693 0.5817307692307693 0.21634615384615385 0.18509615384615385
1 0.546875 0.6875 0.21634615384615385 0.18509615384615385
1 0.7355769230769231 0.8737980769230769 0.21634615384615385 0.18509615384615385
1 0.4543269230769231 0.24158653846153846 0.19471153846153846 0.15625
1 0.47475961538461536 0.17067307692307693 0.19471153846153846 0.15625
1 0.6706730769230769 0.23918269230769232 0.20432692307692307 0.1875
1 0.875 0.3701923076923077 0.20432692307692307 0.1875
1 0.09615384615384616 0.3485576923076923 0.19230769230769232 0.23557692307692307
1 0.7475961538461539 0.7223557692307693 0.18269230769230768 0.15144230769230768
1 0.8569711538461539 0.7007211538461539 0.18269230769230768 0.15144230769230768
2 0.9026442307692307 0.17067307692307693 0.19230769230769232 0.3173076923076923