1 0.12259615384615384 0.25240384615384615 0.16346153846153846 0.25
1 0.2512019230769231 0.9026442307692307 0.16346153846153846 0.18990384615384615
1 0.6346153846153846 0.23557692307692307 0.1658653846153846 0.2548076923076923
1 0.7451923076923077 0.109375 0.1971153846153846 0.21875
1 0.9134615384615384 0.10216346153846154 0.16826923076923078 0.20432692307692307
1 0.421875 0.10697115384615384 0.18269230769230768 0.20432692307692307
1 0.8341346153846154 0.6526442307692307 0.1658653846153846 0.20673076923076922
1 0.7824519230769231 0.9134615384615384 0.15144230769230768 0.16826923076923078
0 0.13701923076923078 0.796875 0.07932692307692307 0.08653846153846154
0 0.6538461538461539 0.6923076923076923 0.052884615384615384 0.07692307692307693
2 0.4483173076923077 0.40625 0.3581730769230769 0.4567307692307692
1 0.4675480769230769 0.9026442307692307 0.17548076923076922 0.18990384615384615
1 0.10576923076923077 0.9266826923076923 0.1658653846153846 0.14423076923076922