1 0.33653846153846156 0.4735576923076923 0.21634615384615385 0.30528846153846156
1 0.7295673076923077 0.14903846153846154 0.16105769230769232 0.25961538461538464
1 0.9122596153846154 0.11658653846153846 0.16346153846153846 0.2283653846153846
1 0.6117788461538461 0.8293269230769231 0.15865384615384615 0.21153846153846154
1 0.6081730769230769 0.6141826923076923 0.17548076923076922 0.2692307692307692
1 0.5480769230769231 0.37259615384615385 0.17548076923076922 0.2692307692307692
1 0.9146634615384616 0.5576923076923077 0.16826923076923078 0.25961538461538464
1 0.8173076923076923 0.7427884615384616 0.23076923076923078 0.2548076923076923
1 0.08774038461538461 0.4639423076923077 0.17307692307692307 0.28365384615384615
1 0.21394230769230768 0.7199519230769231 0.1971153846153846 0.2644230769230769
2 0.3293269230769231 0.18028846153846154 0.35096153846153844 0.3557692307692308
0 0.9555288461538461 0.6887019230769231 0.0625 0.07211538461538461