1 0.2548076923076923 0.8293269230769231 0.1778846153846154 0.2283653846153846
1 0.3870192307692308 0.5348557692307693 0.17307692307692307 0.2644230769230769
1 0.49278846153846156 0.26802884615384615 0.17067307692307693 0.22355769230769232
1 0.6971153846153846 0.21033653846153846 0.18509615384615385 0.21153846153846154
1 0.8545673076923077 0.09014423076923077 0.20432692307692307 0.18028846153846154
1 0.9206730769230769 0.8052884615384616 0.15384615384615385 0.23557692307692307
1 0.125 0.6141826923076923 0.22115384615384615 0.28846153846153844
1 0.06610576923076923 0.45552884615384615 0.13221153846153846 0.27163461538461536
1 0.703125 0.8004807692307693 0.19230769230769232 0.25
1 0.5336538461538461 0.109375 0.1971153846153846 0.21875
1 0.04447115384615385 0.7620192307692307 0.08653846153846154 0.25
2 0.8004807692307693 0.5204326923076923 0.34134615384615385 0.40384615384615385
0 0.11778846153846154 0.8125 0.07932692307692307 0.09134615384615384