1 0.7199519230769231 0.6826923076923077 0.19471153846153846 0.23076923076923078
1 0.90625 0.37740384615384615 0.18269230769230768 0.23557692307692307
1 0.5300480769230769 0.18389423076923078 0.19471153846153846 0.23076923076923078
1 0.35697115384615385 0.26322115384615385 0.17548076923076922 0.21634615384615385
1 0.22235576923076922 0.18509615384615385 0.17548076923076922 0.21634615384615385
1 0.14783653846153846 0.3701923076923077 0.17307692307692307 0.22115384615384615
1 0.7391826923076923 0.09495192307692307 0.17067307692307693 0.18509615384615385
1 0.5480769230769231 0.4375 0.19230769230769232 0.19230769230769232
1 0.06850961538461539 0.17668269230769232 0.1346153846153846 0.20673076923076922
1 0.4206730769230769 0.5084134615384616 0.1778846153846154 0.20192307692307693
1 0.59375 0.5793269230769231 0.1778846153846154 0.2283653846153846
1 0.6454326923076923 0.8209134615384616 0.15384615384615385 0.21634615384615385
1 0.1971153846153846 0.546875 0.21634615384615385 0.1466346153846154
2 0.3004807692307692 0.7620192307692307 0.2548076923076923 0.3076923076923077
0 0.5480769230769231 0.9110576923076923 0.06009615384615385 0.07211538461538461
0 0.1141826923076923 0.7680288461538461 0.05048076923076923 0.0625