1 0.9326923076923077 0.8100961538461539 0.12980769230769232 0.22596153846153846
1 0.6346153846153846 0.4567307692307692 0.2403846153846154 0.14903846153846154
1 0.3918269230769231 0.5120192307692307 0.20673076923076922 0.15384615384615385
1 0.9134615384615384 0.32091346153846156 0.16826923076923078 0.15625
1 0.14543269230769232 0.2932692307692308 0.20673076923076922 0.16105769230769232
1 0.5829326923076923 0.0625 0.21153846153846154 0.1201923076923077
1 0.8846153846153846 0.11298076923076923 0.20673076923076922 0.1346153846153846
1 0.08173076923076923 0.1622596153846154 0.15865384615384615 0.15384615384615385
1 0.25841346153846156 0.9098557692307693 0.2548076923076923 0.14903846153846154
1 0.7091346153846154 0.8209134615384616 0.23076923076923078 0.16105769230769232
1 0.7584134615384616 0.6730769230769231 0.19230769230769232 0.15384615384615385
1 0.49158653846153844 0.8016826923076923 0.23076923076923078 0.18990384615384615
1 0.34375 0.6754807692307693 0.20673076923076922 0.14423076923076922
1 0.22596153846153846 0.6322115384615384 0.20192307692307693 0.15384615384615385
1 0.15865384615384615 0.7512019230769231 0.22596153846153846 0.18028846153846154
2 0.4699519230769231 0.2860576923076923 0.34134615384615385 0.2932692307692308
0 0.09134615384615384 0.609375 0.09134615384615384 0.06490384615384616