1 0.7932692307692307 0.26802884615384615 0.13942307692307693 0.20192307692307693
1 0.4362980769230769 0.5132211538461539 0.18509615384615385 0.21634615384615385
1 0.06370192307692307 0.41947115384615385 0.125 0.1971153846153846
1 0.1141826923076923 0.59375 0.16346153846153846 0.21634615384615385
1 0.12860576923076922 0.8930288461538461 0.17067307692307693 0.2091346153846154
1 0.20072115384615385 0.7644230769230769 0.16826923076923078 0.21153846153846154
1 0.07932692307692307 0.7716346153846154 0.15384615384615385 0.21634615384615385
1 0.26322115384615385 0.3894230769230769 0.18509615384615385 0.21634615384615385
1 0.4110576923076923 0.10576923076923077 0.13942307692307693 0.1971153846153846
1 0.1502403846153846 0.08173076923076923 0.14903846153846154 0.15865384615384615
1 0.2848557692307692 0.08173076923076923 0.14903846153846154 0.15865384615384615
1 0.9182692307692307 0.08173076923076923 0.14903846153846154 0.15865384615384615
1 0.6959134615384616 0.8413461538461539 0.12980769230769232 0.22355769230769232
2 0.8942307692307693 0.8293269230769231 0.1971153846153846 0.30288461538461536
0 0.4411057692307692 0.8858173076923077 0.07451923076923077 0.08413461538461539