1 0.9242788461538461 0.36658653846153844 0.1346153846153846 0.22355769230769232
1 0.5745192307692307 0.875 0.18028846153846154 0.23557692307692307
1 0.6694711538461539 0.28846153846153844 0.15625 0.23557692307692307
1 0.8004807692307693 0.08052884615384616 0.1346153846153846 0.15865384615384615
1 0.07451923076923077 0.8701923076923077 0.14423076923076922 0.22115384615384615
1 0.27524038461538464 0.734375 0.14423076923076922 0.1875
1 0.515625 0.4230769230769231 0.18028846153846154 0.21153846153846154
1 0.48197115384615385 0.27884615384615385 0.18028846153846154 0.21153846153846154
1 0.7800480769230769 0.5060096153846154 0.17307692307692307 0.24278846153846154
1 0.6658653846153846 0.5528846153846154 0.17307692307692307 0.24278846153846154
1 0.6754807692307693 0.8834134615384616 0.17307692307692307 0.2283653846153846
1 0.38822115384615385 0.1658653846153846 0.15865384615384615 0.14903846153846154
1 0.9278846153846154 0.6766826923076923 0.14182692307692307 0.1875
2 0.19471153846153846 0.328125 0.3870192307692308 0.4855769230769231