1 0.84375 0.23677884615384615 0.17067307692307693 0.22596153846153846
1 0.8978365384615384 0.47836538461538464 0.20192307692307693 0.3076923076923077
1 0.6706730769230769 0.5336538461538461 0.18269230769230768 0.23317307692307693
1 0.125 0.3004807692307692 0.17307692307692307 0.21153846153846154
1 0.37740384615384615 0.12379807692307693 0.21153846153846154 0.22596153846153846
1 0.21514423076923078 0.7091346153846154 0.15384615384615385 0.1778846153846154
1 0.5997596153846154 0.20793269230769232 0.18269230769230768 0.24519230769230768
1 0.17668269230769232 0.18629807692307693 0.15625 0.21634615384615385
1 0.36658653846153844 0.7572115384615384 0.15384615384615385 0.19230769230769232
1 0.40384615384615385 0.40024038461538464 0.16826923076923078 0.18269230769230768
1 0.234375 0.4543269230769231 0.1658653846153846 0.21394230769230768
1 0.3605769230769231 0.4795673076923077 0.15865384615384615 0.17067307692307693
1 0.84375 0.6971153846153846 0 0
2 0.6310096153846154 0.8365384615384616 0.44711538461538464 0.32211538461538464