1 0.7247596153846154 0.8449519230769231 0.2860576923076923 0.11778846153846154
1 0.35216346153846156 0.7295673076923077 0.20673076923076922 0.1778846153846154
1 0.47475961538461536 0.9278846153846154 0.21394230769230768 0.13942307692307693
1 0.7391826923076923 0.5889423076923077 0.21153846153846154 0.16346153846153846
1 0.9074519230769231 0.5889423076923077 0.18028846153846154 0.15625
1 0.6009615384615384 0.21033653846153846 0.1971153846153846 0.16346153846153846
1 0.4699519230769231 0.43149038461538464 0.19951923076923078 0.1778846153846154
1 0.2127403846153846 0.4735576923076923 0.23557692307692307 0.16826923076923078
1 0.07091346153846154 0.18269230769230768 0.13942307692307693 0.16346153846153846
1 0.1875 0.3125 0.19951923076923078 0.15384615384615385
1 0.40384615384615385 0.3233173076923077 0.24519230769230768 0.1466346153846154
1 0.6622596153846154 0.08653846153846154 0.19230769230769232 0.13221153846153846
1 0.16706730769230768 0.9146634615384616 0.22596153846153846 0.15144230769230768
1 0.09975961538461539 0.7644230769230769 0.19471153846153846 0.15865384615384615
1 0.08533653846153846 0.6237980769230769 0.1658653846153846 0.14182692307692307
0 0.6225961538461539 0.9831730769230769 0.08173076923076923 0.028846153846153848
0 0.5612980769230769 0.3701923076923077 0.0625 0.06490384615384616
2 0.8317307692307693 0.3125 0.3317307692307692 0.40865384615384615