1 0.6153846153846154 0.8088942307692307 0.1971153846153846 0.15865384615384615
1 0.7151442307692307 0.6514423076923077 0.1971153846153846 0.13942307692307693
1 0.7211538461538461 0.5228365384615384 0.22355769230769232 0.15384615384615385
1 0.7115384615384616 0.23798076923076922 0.21153846153846154 0.16826923076923078
1 0.6875 0.10096153846153846 0.24519230769230768 0.17067307692307693
1 0.8918269230769231 0.8629807692307693 0.18990384615384615 0.15865384615384615
1 0.3545673076923077 0.7632211538461539 0.2548076923076923 0.17307692307692307
1 0.32211538461538464 0.921875 0.19230769230769232 0.15384615384615385
1 0.5168269230769231 0.4014423076923077 0.21634615384615385 0.16346153846153846
1 0.4182692307692308 0.25 0.18269230769230768 0.16105769230769232
1 0.15985576923076922 0.08413461538461539 0.18269230769230768 0.16105769230769232
1 0.11899038461538461 0.8617788461538461 0.21153846153846154 0.17548076923076922
0 0.9338942307692307 0.3786057692307692 0.09615384615384616 0.06971153846153846
2 0.171875 0.5096153846153846 0.34375 0.3317307692307692
0 0.03245192307692308 0.8942307692307693 0.06490384615384616 0.0673076923076923