1 0.5252403846153846 0.35336538461538464 0.24519230769230768 0.17307692307692307
1 0.8834134615384616 0.3317307692307692 0.2283653846153846 0.16826923076923078
1 0.53125 0.5324519230769231 0.28846153846153844 0.19230769230769232
1 0.5084134615384616 0.171875 0.20192307692307693 0.16346153846153846
1 0.7211538461538461 0.22596153846153846 0.20432692307692307 0.14423076923076922
1 0.8557692307692307 0.6971153846153846 0.1971153846153846 0.15865384615384615
1 0.35216346153846156 0.8329326923076923 0.18269230769230768 0.18269230769230768
1 0.43028846153846156 0.6694711538461539 0.16346153846153846 0.13942307692307693
1 0.29086538461538464 0.6598557692307693 0.23798076923076922 0.14182692307692307
1 0.4423076923076923 0.052884615384615384 0.2932692307692308 0.10096153846153846
1 0.6358173076923077 0.7680288461538461 0.2620192307692308 0.18028846153846154
2 0.22956730769230768 0.45552884615384615 0.43028846153846156 0.33653846153846156