1 0.5576923076923077 0.11778846153846154 0.21634615384615385 0.15625
1 0.5745192307692307 0.2860576923076923 0.21634615384615385 0.15625
1 0.3401442307692308 0.17908653846153846 0.21634615384615385 0.15625
1 0.33413461538461536 0.06610576923076923 0.21634615384615385 0.12740384615384615
1 0.45913461538461536 0.49759615384615385 0.20673076923076922 0.15144230769230768
1 0.3629807692307692 0.3641826923076923 0.19230769230769232 0.20192307692307693
1 0.20072115384615385 0.3125 0.15384615384615385 0.1875
1 0.08173076923076923 0.14783653846153846 0.16346153846153846 0.18990384615384615
1 0.21754807692307693 0.8401442307692307 0.23076923076923078 0.2091346153846154
1 0.0733173076923077 0.6514423076923077 0.1466346153846154 0.20432692307692307
1 0.24639423076923078 0.47475961538461536 0.21634615384615385 0.16105769230769232
1 0.49759615384615385 0.7524038461538461 0.25 0.1658653846153846
1 0.45072115384615385 0.8449519230769231 0.21634615384615385 0.1658653846153846
1 0.8810096153846154 0.1875 0.21634615384615385 0.15625
1 0.71875 0.6778846153846154 0.21634615384615385 0.15625
2 0.7956730769230769 0.4543269230769231 0.40384615384615385 0.36538461538461536