1 0.4254807692307692 0.5300480769230769 0.22115384615384615 0.1875
1 0.21754807692307693 0.5817307692307693 0.25961538461538464 0.2283653846153846
1 0.43509615384615385 0.3605769230769231 0.23317307692307693 0.1875
1 0.765625 0.07932692307692307 0.23076923076923078 0.15384615384615385
1 0.9314903846153846 0.054086538461538464 0.13221153846153846 0.10576923076923077
1 0.9483173076923077 0.6394230769230769 0.0985576923076923 0.17548076923076922
1 0.7632211538461539 0.4483173076923077 0.21634615384615385 0.19471153846153846
1 0.1045673076923077 0.9194711538461539 0.2091346153846154 0.15625
1 0.6658653846153846 0.22596153846153846 0.27884615384615385 0.1778846153846154
1 0.12379807692307693 0.3269230769230769 0.24519230769230768 0.18269230769230768
1 0.28966346153846156 0.03125 0.2644230769230769 0.057692307692307696
1 0.5216346153846154 0.0625 0.2668269230769231 0.1201923076923077
1 0.5072115384615384 0.7235576923076923 0.25961538461538464 0.1971153846153846
0 0.051682692307692304 0.5721153846153846 0.0985576923076923 0.08173076923076923
2 0.8954326923076923 0.27283653846153844 0.20432692307692307 0.3557692307692308