2 0.4026442307692308 0.7692307692307693 0.43028846153846156 0.38461538461538464
1 0.41466346153846156 0.2800480769230769 0.23557692307692307 0.1971153846153846
1 0.6742788461538461 0.10576923076923077 0.23557692307692307 0.1971153846153846
1 0.22355769230769232 0.3449519230769231 0.21153846153846154 0.17307692307692307
1 0.23076923076923078 0.1971153846153846 0.21153846153846154 0.17307692307692307
1 0.3641826923076923 0.08774038461538461 0.21634615384615385 0.17307692307692307
1 0.17908653846153846 0.07932692307692307 0.21634615384615385 0.15384615384615385
1 0.8149038461538461 0.36658653846153844 0.21153846153846154 0.17307692307692307
1 0.8149038461538461 0.4266826923076923 0.21153846153846154 0.17307692307692307
1 0.8545673076923077 0.5096153846153846 0.21153846153846154 0.17307692307692307
1 0.8689903846153846 0.5817307692307693 0.21153846153846154 0.17307692307692307
1 0.9122596153846154 0.7560096153846154 0.17067307692307693 0.18990384615384615
1 0.5096153846153846 0.9338942307692307 0.2932692307692308 0.12740384615384615
1 0.07211538461538461 0.515625 0.13942307692307693 0.16826923076923078
1 0.07211538461538461 0.6538461538461539 0.13942307692307693 0.16826923076923078
1 0.9230769230769231 0.9278846153846154 0.15384615384615385 0.13942307692307693
1 0.6346153846153846 0.6129807692307693 0.17307692307692307 0.19230769230769232
1 0.0829326923076923 0.16706730769230768 0.16105769230769232 0.2644230769230769
1 0.7608173076923077 0.7175480769230769 0.2403846153846154 0.13942307692307693
1 0.9122596153846154 0.2091346153846154 0.17067307692307693 0.21153846153846154