1 0.24158653846153846 0.9290865384615384 0.22355769230769232 0.13701923076923078
1 0.5889423076923077 0.6322115384615384 0.14423076923076922 0.23798076923076922
1 0.5336538461538461 0.39302884615384615 0.14903846153846154 0.20432692307692307
1 0.7247596153846154 0.9098557692307693 0.15625 0.17548076923076922
1 0.7487980769230769 0.15144230769230768 0.15865384615384615 0.20432692307692307
1 0.9579326923076923 0.5817307692307693 0.08173076923076923 0.20673076923076922
1 0.9266826923076923 0.8774038461538461 0.1346153846153846 0.20432692307692307
1 0.8786057692307693 0.08533653846153846 0.14903846153846154 0.16346153846153846
1 0.14302884615384615 0.26322115384615385 0.1466346153846154 0.25
1 0.23076923076923078 0.7055288461538461 0.15625 0.22596153846153846
1 0.375 0.7548076923076923 0.15144230769230768 0.1875
1 0.25 0.49278846153846156 0.1875 0.2283653846153846
1 0.3737980769230769 0.3473557692307692 0.14182692307692307 0.20432692307692307
1 0.4170673076923077 0.23076923076923078 0.15144230769230768 0.1971153846153846
1 0.29927884615384615 0.16466346153846154 0.1778846153846154 0.22115384615384615
2 0.7560096153846154 0.4699519230769231 0.28846153846153844 0.33653846153846156
0 0.4387019230769231 0.0985576923076923 0.06490384615384616 0.09134615384615384