1 0.8605769230769231 0.21394230769230768 0.22596153846153846 0.20192307692307693
1 0.46634615384615385 0.49399038461538464 0.17307692307692307 0.1875
1 0.6742788461538461 0.3954326923076923 0.23076923076923078 0.1658653846153846
1 0.33052884615384615 0.34375 0.23557692307692307 0.18990384615384615
1 0.09615384615384616 0.32091346153846156 0.1875 0.19471153846153846
1 0.8990384615384616 0.8846153846153846 0.1971153846153846 0.1971153846153846
1 0.6959134615384616 0.9290865384615384 0.2091346153846154 0.13701923076923078
1 0.1875 0.9086538461538461 0.22596153846153846 0.1778846153846154
1 0.07451923076923077 0.7860576923076923 0.14423076923076922 0.18269230769230768
1 0.07451923076923077 0.6081730769230769 0.14423076923076922 0.18269230769230768
1 0.2668269230769231 0.125 0.23076923076923078 0.17307692307692307
1 0.7620192307692307 0.42788461538461536 0.23076923076923078 0.17307692307692307
1 0.8365384615384616 0.671875 0.1875 0.16826923076923078
1 0.22355769230769232 0.6370192307692307 0.2692307692307692 0.20432692307692307
1 0.390625 0.06009615384615385 0.21634615384615385 0.11538461538461539
1 0.38341346153846156 0.9362980769230769 0.2091346153846154 0.12259615384615384
0 0.8990384615384616 0.5372596153846154 0.10576923076923077 0.09134615384615384
0 0.5372596153846154 0.12259615384615384 0.13942307692307693 0.10336538461538461
2 0.53125 0.7740384615384616 0.4326923076923077 0.34375