2 0.4375 0.5180288461538461 0.25240384615384615 0.1778846153846154
0 0.49278846153846156 0.6983173076923077 0.0625 0.055288461538461536
0 0.6033653846153846 0.6117788461538461 0.0625 0.055288461538461536
1 0.3557692307692308 0.8978365384615384 0.2932692307692308 0.19951923076923078
1 0.09375 0.9399038461538461 0.1875 0.11538461538461539
1 0.13822115384615385 0.9555288461538461 0.2091346153846154 0.08413461538461539
1 0.13942307692307693 0.7920673076923077 0.20673076923076922 0.1971153846153846
1 0.09495192307692307 0.6418269230769231 0.1875 0.1971153846153846
1 0.7067307692307693 0.3485576923076923 0.22596153846153846 0.18269230769230768
1 0.9158653846153846 0.296875 0.16346153846153846 0.15384615384615385
1 0.9158653846153846 0.5444711538461539 0.16346153846153846 0.15384615384615385
1 0.49038461538461536 0.328125 0.22355769230769232 0.17307692307692307
1 0.18629807692307693 0.19951923076923078 0.20192307692307693 0.13942307692307693
1 0.09975961538461539 0.0733173076923077 0.19951923076923078 0.14182692307692307
1 0.7043269230769231 0.4987980769230769 0.2403846153846154 0.17548076923076922
1 0.7716346153846154 0.5961538461538461 0.2403846153846154 0.17548076923076922
1 0.8100961538461539 0.7487980769230769 0.22596153846153846 0.18269230769230768
1 0.1971153846153846 0.4951923076923077 0.20673076923076922 0.16346153846153846
1 0.2512019230769231 0.36778846153846156 0.20673076923076922 0.16346153846153846
1 0.042067307692307696 0.24278846153846154 0.08173076923076923 0.18269230769230768