1 0.11298076923076923 0.5540865384615384 0.19230769230769232 0.16346153846153846
1 0.578125 0.10817307692307693 0.2620192307692308 0.1875
1 0.8317307692307693 0.15865384615384615 0.2403846153846154 0.13942307692307693
1 0.875 0.06850961538461539 0.24278846153846154 0.1346153846153846
1 0.43028846153846156 0.3449519230769231 0.20192307692307693 0.16826923076923078
1 0.38341346153846156 0.6911057692307693 0.20192307692307693 0.16826923076923078
1 0.7668269230769231 0.8677884615384616 0.21634615384615385 0.16346153846153846
1 0.5276442307692307 0.46634615384615385 0.1971153846153846 0.15384615384615385
1 0.15985576923076922 0.16346153846153846 0.21634615384615385 0.15144230769230768
2 0.6838942307692307 0.6634615384615384 0.4230769230769231 0.31490384615384615
0 0.3125 0.9759615384615384 0.07211538461538461 0.04567307692307692
0 0.9254807692307693 0.9134615384615384 0.08653846153846154 0.055288461538461536