1 0.703125 0.5997596153846154 0.18990384615384615 0.16105769230769232
1 0.7451923076923077 0.4266826923076923 0.19230769230769232 0.17307692307692307
1 0.8197115384615384 0.18028846153846154 0.22115384615384615 0.17307692307692307
1 0.4639423076923077 0.08653846153846154 0.22355769230769232 0.16826923076923078
1 0.4567307692307692 0.5889423076923077 0.22115384615384615 0.17307692307692307
1 0.24158653846153846 0.5949519230769231 0.22115384615384615 0.17307692307692307
1 0.1935096153846154 0.45072115384615385 0.2548076923076923 0.19230769230769232
1 0.3954326923076923 0.34615384615384615 0.21153846153846154 0.16346153846153846
1 0.3425480769230769 0.24639423076923078 0.24519230769230768 0.18028846153846154
1 0.578125 0.25961538461538464 0.18269230769230768 0.18028846153846154
1 0.10576923076923077 0.19471153846153846 0.21153846153846154 0.18990384615384615
1 0.28846153846153844 0.71875 0.22115384615384615 0.14182692307692307
1 0.3233173076923077 0.9230769230769231 0.22355769230769232 0.14903846153846154
1 0.5216346153846154 0.9146634615384616 0.20673076923076922 0.15865384615384615
1 0.640625 0.2848557692307692 0.23798076923076922 0.1346153846153846
2 0.8040865384615384 0.8137019230769231 0.3894230769230769 0.3605769230769231