2 0.6478365384615384 0.6442307692307693 0.24519230769230768 0.21634615384615385
0 0.47836538461538464 0.7367788461538461 0.10096153846153846 0.08173076923076923
1 0.2932692307692308 0.13942307692307693 0.24519230769230768 0.1778846153846154
1 0.6574519230769231 0.2620192307692308 0.19230769230769232 0.1346153846153846
1 0.8329326923076923 0.06009615384615385 0.19471153846153846 0.11538461538461539
1 0.7896634615384616 0.31490384615384615 0.24519230769230768 0.20192307692307693
1 0.8257211538461539 0.484375 0.24519230769230768 0.20192307692307693
1 0.46033653846153844 0.32572115384615385 0.19471153846153846 0.1778846153846154
1 0.21995192307692307 0.31490384615384615 0.2548076923076923 0.16826923076923078
1 0.33413461538461536 0.6370192307692307 0.22596153846153846 0.15384615384615385
1 0.41466346153846156 0.8305288461538461 0.22596153846153846 0.15384615384615385
1 0.41466346153846156 0.9302884615384616 0.30288461538461536 0.13701923076923078
1 0.6129807692307693 0.4795673076923077 0.22596153846153846 0.15384615384615385
1 0.38221153846153844 0.47475961538461536 0.22596153846153846 0.15384615384615385
1 0.12259615384615384 0.5060096153846154 0.2403846153846154 0.20673076923076922
1 0.08413461538461539 0.6766826923076923 0.16346153846153846 0.15865384615384615
1 0.11538461538461539 0.16947115384615385 0.22596153846153846 0.22355769230769232
1 0.6274038461538461 0.9447115384615384 0.23317307692307693 0.10576923076923077
1 0.11538461538461539 0.8569711538461539 0.22596153846153846 0.15384615384615385