1 0.25240384615384615 0.21514423076923078 0.17307692307692307 0.21153846153846154
1 0.18269230769230768 0.34975961538461536 0.17307692307692307 0.21153846153846154
1 0.4951923076923077 0.07091346153846154 0.18269230769230768 0.13701923076923078
1 0.45552884615384615 0.15384615384615385 0.1778846153846154 0.15384615384615385
1 0.18990384615384615 0.8377403846153846 0.17307692307692307 0.19951923076923078
1 0.9086538461538461 0.5348557692307693 0.17307692307692307 0.21634615384615385
1 0.71875 0.2536057692307692 0.17307692307692307 0.21634615384615385
1 0.11778846153846154 0.5805288461538461 0.16826923076923078 0.23798076923076922
1 0.9194711538461539 0.15504807692307693 0.15625 0.2956730769230769
2 0.5673076923076923 0.7524038461538461 0.34615384615384615 0.40865384615384615
0 0.515625 0.31009615384615385 0.0625 0.08413461538461539
0 0.3557692307692308 0.41466346153846156 0.0625 0.08413461538461539