1 0.43509615384615385 0.7115384615384616 0.23076923076923078 0.14903846153846154
1 0.9098557692307693 0.5228365384615384 0.17307692307692307 0.1778846153846154
1 0.8798076923076923 0.6766826923076923 0.21153846153846154 0.1778846153846154
1 0.6947115384615384 0.6009615384615384 0.23557692307692307 0.20432692307692307
1 0.7427884615384616 0.18629807692307693 0.23557692307692307 0.20192307692307693
1 0.47475961538461536 0.2439903846153846 0.2283653846153846 0.15865384615384615
1 0.12259615384615384 0.7403846153846154 0.2403846153846154 0.21634615384615385
1 0.9146634615384616 0.8149038461538461 0.1658653846153846 0.15384615384615385
1 0.6526442307692307 0.7704326923076923 0.24759615384615385 0.1466346153846154
1 0.0673076923076923 0.4579326923076923 0.12980769230769232 0.17067307692307693
2 0.3545673076923077 0.47475961538461536 0.5144230769230769 0.39903846153846156