1 0.90625 0.5841346153846154 0.14903846153846154 0.21634615384615385
1 0.8954326923076923 0.34615384615384615 0.16346153846153846 0.22115384615384615
1 0.8617788461538461 0.11298076923076923 0.15865384615384615 0.22115384615384615
1 0.5793269230769231 0.7608173076923077 0.1971153846153846 0.21875
1 0.7668269230769231 0.6682692307692307 0.1971153846153846 0.21875
1 0.7259615384615384 0.8990384615384616 0.20192307692307693 0.1971153846153846
1 0.3557692307692308 0.8040865384615384 0.1971153846153846 0.21875
1 0.21514423076923078 0.4483173076923077 0.1971153846153846 0.22115384615384615
1 0.21995192307692307 0.23197115384615385 0.1971153846153846 0.22115384615384615
1 0.0733173076923077 0.09975961538461539 0.14423076923076922 0.19471153846153846
1 0.16346153846153846 0.6682692307692307 0.20673076923076922 0.2692307692307692
0 0.7884615384615384 0.4543269230769231 0.0625 0.07211538461538461
2 0.5348557692307693 0.2403846153846154 0.3557692307692308 0.46153846153846156