1 0.8425480769230769 0.09615384615384616 0.18509615384615385 0.1875
1 0.6225961538461539 0.5444711538461539 0.1778846153846154 0.25240384615384615
1 0.8449519230769231 0.8810096153846154 0.13942307692307693 0.23076923076923078
1 0.9314903846153846 0.28125 0.13221153846153846 0.2403846153846154
1 0.6826923076923077 0.8774038461538461 0.1778846153846154 0.2403846153846154
1 0.6225961538461539 0.0985576923076923 0.1778846153846154 0.19230769230769232
1 0.15985576923076922 0.2764423076923077 0.2091346153846154 0.25
1 0.47596153846153844 0.15504807692307693 0.1875 0.22115384615384615
1 0.0889423076923077 0.5288461538461539 0.17307692307692307 0.22596153846153846
1 0.7151442307692307 0.47596153846153844 0.1778846153846154 0.2644230769230769
1 0.7139423076923077 0.6742788461538461 0.15865384615384615 0.22596153846153846
2 0.17067307692307693 0.8533653846153846 0.33653846153846156 0.28846153846153844
0 0.8377403846153846 0.4266826923076923 0.07692307692307693 0.09134615384615384