1 0.19951923076923078 0.7716346153846154 0.16346153846153846 0.21634615384615385
1 0.29927884615384615 0.6538461538461539 0.17067307692307693 0.23076923076923078
1 0.46153846153846156 0.7319711538461539 0.18269230769230768 0.22596153846153846
1 0.46153846153846156 0.8978365384615384 0.18269230769230768 0.19951923076923078
1 0.6574519230769231 0.8257211538461539 0.1875 0.23076923076923078
1 0.8040865384615384 0.48677884615384615 0.1875 0.23076923076923078
1 0.6153846153846154 0.5865384615384616 0.1971153846153846 0.24759615384615385
1 0.12620192307692307 0.48677884615384615 0.17307692307692307 0.21634615384615385
1 0.15504807692307693 0.27163461538461536 0.17548076923076922 0.20673076923076922
1 0.19471153846153846 0.08653846153846154 0.16826923076923078 0.16826923076923078
1 0.7199519230769231 0.29447115384615385 0.14423076923076922 0.18990384615384615
1 0.8173076923076923 0.2764423076923077 0.14423076923076922 0.18990384615384615
1 0.9278846153846154 0.09735576923076923 0.14182692307692307 0.18990384615384615
1 0.7800480769230769 0.09134615384615384 0.14423076923076922 0.18028846153846154
1 0.9158653846153846 0.8004807692307693 0.1658653846153846 0.23798076923076922
1 0.7716346153846154 0.7247596153846154 0.1971153846153846 0.25
2 0.42427884615384615 0.21514423076923078 0.4014423076923077 0.38461538461538464