1 0.7103365384615384 0.7620192307692307 0.20673076923076922 0.18509615384615385
1 0.36899038461538464 0.8052884615384616 0.24519230769230768 0.1875
1 0.19951923076923078 0.7055288461538461 0.23076923076923078 0.15625
1 0.5973557692307693 0.5637019230769231 0.27403846153846156 0.18269230769230768
1 0.8293269230769231 0.43509615384615385 0.22115384615384615 0.17307692307692307
1 0.8894230769230769 0.6213942307692307 0.21634615384615385 0.21394230769230768
1 0.9314903846153846 0.36899038461538464 0.1346153846153846 0.19471153846153846
1 0.17427884615384615 0.5612980769230769 0.19230769230769232 0.16826923076923078
1 0.328125 0.6213942307692307 0.19230769230769232 0.16826923076923078
2 0.4182692307692308 0.25961538461538464 0.35096153846153844 0.28846153846153844
0 0.9819711538461539 0.890625 0.03125 0.07211538461538461
0 0.5709134615384616 0.14182692307692307 0.10096153846153846 0.06971153846153846