1 0.578125 0.6766826923076923 0.22115384615384615 0.1971153846153846
1 0.5060096153846154 0.8978365384615384 0.2644230769230769 0.20192307692307693
1 0.8112980769230769 0.7427884615384616 0.22596153846153846 0.16826923076923078
1 0.7307692307692307 0.8822115384615384 0.22596153846153846 0.16826923076923078
1 0.40024038461538464 0.06129807692307692 0.21634615384615385 0.1201923076923077
1 0.27283653846153844 0.22956730769230768 0.2091346153846154 0.15865384615384615
1 0.09495192307692307 0.5300480769230769 0.1875 0.19230769230769232
1 0.16826923076923078 0.828125 0.25961538461538464 0.20432692307692307
1 0.3641826923076923 0.734375 0.1778846153846154 0.1346153846153846
1 0.8954326923076923 0.05889423076923077 0.20432692307692307 0.11538461538461539
2 0.6358173076923077 0.20072115384615385 0.3894230769230769 0.3173076923076923