1 0.46153846153846156 0.09615384615384616 0.21634615384615385 0.14903846153846154
1 0.2980769230769231 0.21875 0.2403846153846154 0.20192307692307693
1 0.7548076923076923 0.109375 0.24519230769230768 0.17548076923076922
1 0.640625 0.5060096153846154 0.2403846153846154 0.19471153846153846
1 0.33533653846153844 0.8221153846153846 0.2403846153846154 0.18028846153846154
1 0.6658653846153846 0.2956730769230769 0.23557692307692307 0.20192307692307693
1 0.3605769230769231 0.5649038461538461 0.1971153846153846 0.14903846153846154
1 0.25961538461538464 0.6598557692307693 0.1971153846153846 0.14903846153846154
1 0.08774038461538461 0.9254807692307693 0.17067307692307693 0.14423076923076922
1 0.5757211538461539 0.8954326923076923 0.18269230769230768 0.16826923076923078
1 0.6706730769230769 0.9086538461538461 0.22355769230769232 0.17307692307692307
1 0.4362980769230769 0.35697115384615385 0.34134615384615385 0.17307692307692307
1 0.08173076923076923 0.19951923076923078 0.15865384615384615 0.20673076923076922
1 0.22956730769230768 0.5733173076923077 0.17067307692307693 0.1346153846153846
0 0.8846153846153846 0.30528846153846156 0.07932692307692307 0.06971153846153846
0 0.484375 0.4326923076923077 0.08173076923076923 0.06971153846153846
0 0.4074519230769231 0.6899038461538461 0.10336538461538461 0.052884615384615384
0 0.0625 0.8449519230769231 0.07692307692307693 0.07211538461538461
2 0.8100961538461539 0.6959134615384616 0.375 0.3701923076923077