1 0.14423076923076922 0.8413461538461539 0.2644230769230769 0.1778846153846154
1 0.203125 0.6105769230769231 0.22115384615384615 0.23557692307692307
1 0.78125 0.8641826923076923 0.23557692307692307 0.19471153846153846
1 0.7932692307692307 0.3954326923076923 0.23557692307692307 0.19230769230769232
1 0.6911057692307693 0.5841346153846154 0.2644230769230769 0.19471153846153846
1 0.4651442307692308 0.06971153846153846 0.21875 0.1346153846153846
1 0.5084134615384616 0.7956730769230769 0.2283653846153846 0.16826923076923078
1 0.5949519230769231 0.7487980769230769 0.1875 0.13942307692307693
1 0.44350961538461536 0.6129807692307693 0.1971153846153846 0.1875
1 0.8725961538461539 0.7019230769230769 0.20192307692307693 0.1466346153846154
1 0.7379807692307693 0.10216346153846154 0.21153846153846154 0.1875
1 0.5637019230769231 0.9399038461538461 0.2668269230769231 0.11538461538461539
1 0.5480769230769231 0.171875 0.13942307692307693 0.10096153846153846
2 0.3173076923076923 0.37740384615384615 0.5384615384615384 0.4182692307692308