2 0.2704326923076923 0.8257211538461539 0.3485576923076923 0.34375
1 0.6177884615384616 0.8509615384615384 0.15865384615384615 0.1971153846153846
1 0.1466346153846154 0.49399038461538464 0.14903846153846154 0.2548076923076923
1 0.7716346153846154 0.9158653846153846 0.13942307692307693 0.16346153846153846
1 0.7896634615384616 0.35216346153846156 0.13942307692307693 0.17067307692307693
1 0.7788461538461539 0.6971153846153846 0.13942307692307693 0.17067307692307693
1 0.7235576923076923 0.6923076923076923 0.14423076923076922 0.21153846153846154
1 0.5024038461538461 0.8269230769230769 0.14423076923076922 0.23076923076923078
1 0.9266826923076923 0.22115384615384615 0.14423076923076922 0.20673076923076922
1 0.8305288461538461 0.2824519230769231 0.14423076923076922 0.20673076923076922
1 0.6346153846153846 0.4362980769230769 0.0985576923076923 0.17307692307692307
1 0.5637019230769231 0.46153846153846156 0.10576923076923077 0.19951923076923078
1 0.5432692307692307 0.22716346153846154 0.18509615384615385 0.23076923076923078
1 0.5480769230769231 0.0673076923076923 0.16826923076923078 0.1346153846153846
1 0.6201923076923077 0.16105769230769232 0.16346153846153846 0.23557692307692307
1 0.2860576923076923 0.09735576923076923 0.1778846153846154 0.18990384615384615
1 0.0733173076923077 0.20192307692307693 0.1466346153846154 0.2692307692307692
1 0.3233173076923077 0.4362980769230769 0.1466346153846154 0.22115384615384615
1 0.8064903846153846 0.546875 0.16346153846153846 0.23317307692307693