2 0.7439903846153846 0.6225961538461539 0.5096153846153846 0.3605769230769231
1 0.6165865384615384 0.3942307692307692 0.21634615384615385 0.125
1 0.8677884615384616 0.37740384615384615 0.25721153846153844 0.15625
1 0.7584134615384616 0.22956730769230768 0.18269230769230768 0.1658653846153846
1 0.8100961538461539 0.07692307692307693 0.21634615384615385 0.14903846153846154
1 0.9266826923076923 0.234375 0.14423076923076922 0.17307692307692307
1 0.11778846153846154 0.26802884615384615 0.22115384615384615 0.18269230769230768
1 0.06009615384615385 0.5108173076923077 0.11538461538461539 0.18269230769230768
1 0.07451923076923077 0.9074519230769231 0.14423076923076922 0.18028846153846154
1 0.3004807692307692 0.9350961538461539 0.2403846153846154 0.125
1 0.7668269230769231 0.8545673076923077 0.23557692307692307 0.17067307692307693
1 0.45913461538461536 0.5456730769230769 0.23557692307692307 0.17067307692307693
1 0.25721153846153844 0.7980769230769231 0.20192307692307693 0.1875
1 0.6009615384615384 0.054086538461538464 0.22355769230769232 0.10576923076923077
0 0.15625 0.5216346153846154 0.08173076923076923 0.07692307692307693
1 0.4651442307692308 0.3317307692307692 0.22115384615384615 0.18269230769230768