1 0.2620192307692308 0.5132211538461539 0.18269230769230768 0.21153846153846154
1 0.3557692307692308 0.7307692307692307 0.15865384615384615 0.22115384615384615
1 0.2536057692307692 0.7439903846153846 0.14423076923076922 0.19230769230769232
1 0.3858173076923077 0.11298076923076923 0.18509615384615385 0.22596153846153846
1 0.7932692307692307 0.8449519230769231 0.16346153846153846 0.22115384615384615
1 0.8052884615384616 0.47716346153846156 0.16826923076923078 0.23557692307692307
1 0.7776442307692307 0.578125 0.16826923076923078 0.21634615384615385
1 0.4987980769230769 0.36778846153846156 0.17307692307692307 0.20192307692307693
1 0.9423076923076923 0.27283653846153844 0.11298076923076923 0.25240384615384615
1 0.9242788461538461 0.07091346153846154 0.14903846153846154 0.14182692307692307
1 0.7920673076923077 0.07091346153846154 0.16346153846153846 0.14182692307692307
1 0.5973557692307693 0.09615384615384616 0.1658653846153846 0.19230769230769232
1 0.7439903846153846 0.23197115384615385 0.15865384615384615 0.20673076923076922
1 0.4375 0.3269230769230769 0.15865384615384615 0.20673076923076922
1 0.18990384615384615 0.19230769230769232 0.15865384615384615 0.20673076923076922
1 0.10817307692307693 0.6298076923076923 0.16826923076923078 0.23557692307692307
1 0.48197115384615385 0.5637019230769231 0.15865384615384615 0.15384615384615385
1 0.9362980769230769 0.5985576923076923 0.125 0.22115384615384615
2 0.6274038461538461 0.7884615384615384 0.25 0.3317307692307692