1 0.8509615384615384 0.8076923076923077 0.22355769230769232 0.17307692307692307
1 0.6105769230769231 0.8617788461538461 0.25961538461538464 0.17067307692307693
1 0.20552884615384615 0.5084134615384616 0.25961538461538464 0.17067307692307693
1 0.15625 0.7584134615384616 0.19230769230769232 0.1658653846153846
1 0.12980769230769232 0.6947115384615384 0.19230769230769232 0.1658653846153846
1 0.3389423076923077 0.9399038461538461 0.23076923076923078 0.11538461538461539
1 0.37740384615384615 0.3485576923076923 0.20673076923076922 0.14903846153846154
1 0.625 0.27163461538461536 0.20673076923076922 0.17307692307692307
1 0.9074519230769231 0.22956730769230768 0.18028846153846154 0.18028846153846154
1 0.8689903846153846 0.47716346153846156 0.20673076923076922 0.17307692307692307
1 0.796875 0.13581730769230768 0.23557692307692307 0.18028846153846154
2 0.5444711538461539 0.5588942307692307 0.4423076923076923 0.3605769230769231