1 0.41225961538461536 0.23076923076923078 0.19951923076923078 0.22596153846153846
1 0.5853365384615384 0.16826923076923078 0.15144230769230768 0.21153846153846154
1 0.609375 0.3918269230769231 0.15144230769230768 0.21153846153846154
1 0.7247596153846154 0.5793269230769231 0.15144230769230768 0.21153846153846154
1 0.31490384615384615 0.2956730769230769 0.1346153846153846 0.1778846153846154
1 0.7872596153846154 0.9038461538461539 0.16826923076923078 0.1875
1 0.48197115384615385 0.8990384615384616 0.19230769230769232 0.1971153846153846
1 0.08052884615384616 0.8990384615384616 0.16105769230769232 0.1971153846153846
1 0.8762019230769231 0.16105769230769232 0.19230769230769232 0.22115384615384615
1 0.6923076923076923 0.06009615384615385 0.22596153846153846 0.11538461538461539
1 0.9350961538461539 0.8076923076923077 0.125 0.2283653846153846
1 0.953125 0.5324519230769231 0.09134615384615384 0.2956730769230769
1 0.11658653846153846 0.2608173076923077 0.18990384615384615 0.27403846153846156
1 0.09375 0.6935096153846154 0.18269230769230768 0.2764423076923077
2 0.2512019230769231 0.6021634615384616 0.21153846153846154 0.2980769230769231
0 0.4831730769230769 0.41346153846153844 0.07211538461538461 0.0889423076923077
0 0.3954326923076923 0.5552884615384616 0.07211538461538461 0.0889423076923077
1 0.8125 0.5564903846153846 0.10817307692307693 0.18990384615384615