2 0.5949519230769231 0.36778846153846156 0.34615384615384615 0.2860576923076923
1 0.203125 0.27403846153846156 0.25 0.19471153846153846
1 0.6454326923076923 0.5793269230769231 0.25961538461538464 0.15144230769230768
1 0.19471153846153846 0.7800480769230769 0.24278846153846154 0.14903846153846154
1 0.12139423076923077 0.7439903846153846 0.23798076923076922 0.14903846153846154
1 0.18269230769230768 0.44591346153846156 0.25 0.1875
1 0.7439903846153846 0.7836538461538461 0.16346153846153846 0.16346153846153846
1 0.2764423076923077 0.9483173076923077 0.24519230769230768 0.10096153846153846
1 0.7596153846153846 0.9110576923076923 0.22596153846153846 0.17548076923076922
1 0.4254807692307692 0.6129807692307693 0.2548076923076923 0.1875
1 0.4074519230769231 0.7980769230769231 0.2548076923076923 0.1875
1 0.5588942307692307 0.16346153846153846 0.25961538461538464 0.15144230769230768
0 0.27884615384615385 0.16346153846153846 0.08173076923076923 0.052884615384615384