1 0.43509615384615385 0.3954326923076923 0.1778846153846154 0.2091346153846154
1 0.3858173076923077 0.20072115384615385 0.21634615384615385 0.24519230769230768
1 0.5949519230769231 0.4050480769230769 0.1778846153846154 0.22115384615384615
1 0.8713942307692307 0.7151442307692307 0.16826923076923078 0.21634615384615385
1 0.9170673076923077 0.9038461538461539 0.1658653846153846 0.1875
1 0.3317307692307692 0.9194711538461539 0.1658653846153846 0.15625
1 0.5132211538461539 0.7139423076923077 0.18509615384615385 0.20432692307692307
1 0.07211538461538461 0.09735576923076923 0.13942307692307693 0.18990384615384615
1 0.7223557692307693 0.6225961538461539 0.16826923076923078 0.2620192307692308
1 0.6286057692307693 0.11538461538461539 0.17548076923076922 0.23076923076923078
1 0.9387019230769231 0.26802884615384615 0.1201923076923077 0.25
1 0.8978365384615384 0.4855769230769231 0.15625 0.25
1 0.2536057692307692 0.4723557692307692 0.1875 0.24519230769230768
0 0.39663461538461536 0.046875 0.07692307692307693 0.09134615384615384
2 0.6778846153846154 0.8701923076923077 0.33653846153846156 0.2548076923076923