1 0.7860576923076923 0.1875 0.15865384615384615 0.20673076923076922
1 0.8269230769230769 0.5456730769230769 0.15865384615384615 0.20673076923076922
1 0.08052884615384616 0.10216346153846154 0.15865384615384615 0.20192307692307693
1 0.08413461538461539 0.3762019230769231 0.15865384615384615 0.20673076923076922
1 0.17908653846153846 0.6658653846153846 0.15865384615384615 0.20673076923076922
1 0.6298076923076923 0.7896634615384616 0.18269230769230768 0.21153846153846154
1 0.9170673076923077 0.5841346153846154 0.16346153846153846 0.27403846153846156
1 0.4891826923076923 0.6310096153846154 0.16346153846153846 0.1778846153846154
1 0.6129807692307693 0.36177884615384615 0.15865384615384615 0.19230769230769232
1 0.6418269230769231 0.9098557692307693 0.16105769230769232 0.17548076923076922
0 0.3317307692307692 0.9483173076923077 0.06971153846153846 0.09134615384615384
0 0.8954326923076923 0.8485576923076923 0.055288461538461536 0.0673076923076923
0 0.15264423076923078 0.5252403846153846 0.0625 0.08173076923076923
0 0.19110576923076922 0.13942307692307693 0.07211538461538461 0.07692307692307693
0 0.43990384615384615 0.027644230769230768 0.0625 0.05048076923076923
2 0.33413461538461536 0.3269230769230769 0.37740384615384615 0.46875