1 0.9002403846153846 0.27884615384615385 0.19471153846153846 0.1971153846153846
1 0.0829326923076923 0.31009615384615385 0.16105769230769232 0.1875
1 0.3858173076923077 0.9326923076923077 0.22596153846153846 0.13221153846153846
1 0.6971153846153846 0.09495192307692307 0.1778846153846154 0.18509615384615385
1 0.6237980769230769 0.3858173076923077 0.20673076923076922 0.19230769230769232
1 0.22115384615384615 0.1971153846153846 0.20673076923076922 0.19230769230769232
1 0.2512019230769231 0.48197115384615385 0.21875 0.18269230769230768
1 0.8389423076923077 0.8774038461538461 0.25 0.18990384615384615
1 0.671875 0.9338942307692307 0.20673076923076922 0.12980769230769232
0 0.7824519230769231 0.44471153846153844 0.07692307692307693 0.057692307692307696
2 0.25841346153846156 0.7115384615384616 0.38461538461538464 0.3317307692307692