1 0.8112980769230769 0.3485576923076923 0.24519230769230768 0.1658653846153846
1 0.5564903846153846 0.1778846153846154 0.24519230769230768 0.1658653846153846
1 0.2932692307692308 0.20432692307692307 0.23557692307692307 0.20192307692307693
1 0.11538461538461539 0.08173076923076923 0.21634615384615385 0.15865384615384615
1 0.10576923076923077 0.2848557692307692 0.20673076923076922 0.17548076923076922
1 0.6911057692307693 0.06009615384615385 0.23557692307692307 0.11778846153846154
1 0.9110576923076923 0.18870192307692307 0.17307692307692307 0.15625
1 0.14903846153846154 0.5204326923076923 0.2403846153846154 0.12259615384615384
1 0.1502403846153846 0.5949519230769231 0.19951923076923078 0.1971153846153846
1 0.14423076923076922 0.7920673076923077 0.2403846153846154 0.17307692307692307
1 0.6189903846153846 0.3485576923076923 0.18028846153846154 0.14903846153846154
1 0.8605769230769231 0.6538461538461539 0.20432692307692307 0.16346153846153846
1 0.4795673076923077 0.8870192307692307 0.20432692307692307 0.16346153846153846
1 0.8786057692307693 0.78125 0.23798076923076922 0.16346153846153846
1 0.6899038461538461 0.9002403846153846 0.25240384615384615 0.18509615384615385
2 0.4567307692307692 0.6442307692307693 0.5240384615384616 0.39903846153846156