2 0.5072115384615384 0.5769230769230769 0.23076923076923078 0.30528846153846156
1 0.6670673076923077 0.3737980769230769 0.16105769230769232 0.20192307692307693
1 0.7800480769230769 0.796875 0.19230769230769232 0.21634615384615385
1 0.9411057692307693 0.3798076923076923 0.11298076923076923 0.23076923076923078
1 0.8533653846153846 0.2704326923076923 0.19230769230769232 0.21634615384615385
1 0.8209134615384616 0.11177884615384616 0.19230769230769232 0.21634615384615385
1 0.40384615384615385 0.08774038461538461 0.11538461538461539 0.17548076923076922
1 0.4230769230769231 0.24158653846153846 0.20192307692307693 0.20432692307692307
1 0.5384615384615384 0.25841346153846156 0.20673076923076922 0.24519230769230768
1 0.5588942307692307 0.8930288461538461 0.19230769230769232 0.21153846153846154
1 0.3557692307692308 0.71875 0.1466346153846154 0.19230769230769232
1 0.296875 0.5300480769230769 0.1466346153846154 0.19230769230769232
1 0.203125 0.9206730769230769 0.15865384615384615 0.15384615384615385
1 0.2091346153846154 0.09735576923076923 0.20192307692307693 0.19471153846153846
0 0.38461538461538464 0.8485576923076923 0.06971153846153846 0.08413461538461539
0 0.5925480769230769 0.7439903846153846 0.06971153846153846 0.08413461538461539
1 0.06610576923076923 0.7115384615384616 0.12980769230769232 0.23798076923076922
1 0.036057692307692304 0.36658653846153844 0.06971153846153846 0.22596153846153846
1 0.0829326923076923 0.23557692307692307 0.14903846153846154 0.22596153846153846