1 0.3701923076923077 0.33653846153846156 0.16346153846153846 0.25961538461538464
1 0.20432692307692307 0.29086538461538464 0.1778846153846154 0.25240384615384615
1 0.5504807692307693 0.5444711538461539 0.18269230769230768 0.2932692307692308
1 0.8774038461538461 0.7584134615384616 0.17307692307692307 0.22115384615384615
1 0.5012019230769231 0.20673076923076922 0.15384615384615385 0.21394230769230768
1 0.27524038461538464 0.07091346153846154 0.15144230769230768 0.13701923076923078
1 0.8341346153846154 0.4567307692307692 0.15384615384615385 0.21394230769230768
1 0.8966346153846154 0.1658653846153846 0.1875 0.24519230769230768
1 0.07211538461538461 0.46153846153846156 0.13942307692307693 0.23557692307692307
1 0.7235576923076923 0.7680288461538461 0.13701923076923078 0.20192307692307693
1 0.6875 0.2956730769230769 0.15384615384615385 0.21394230769230768
2 0.38100961538461536 0.8233173076923077 0.3125 0.35096153846153844