1 0.296875 0.7355769230769231 0.1466346153846154 0.18269230769230768
1 0.2644230769230769 0.9206730769230769 0.15144230769230768 0.15384615384615385
1 0.671875 0.47475961538461536 0.17307692307692307 0.23557692307692307
1 0.8329326923076923 0.6634615384615384 0.14423076923076922 0.18990384615384615
1 0.7427884615384616 0.07211538461538461 0.13942307692307693 0.13942307692307693
1 0.8425480769230769 0.203125 0.1778846153846154 0.21394230769230768
1 0.19831730769230768 0.328125 0.15144230769230768 0.18990384615384615
1 0.5 0.3737980769230769 0.16105769230769232 0.20192307692307693
1 0.8882211538461539 0.04567307692307692 0.1658653846153846 0.08653846153846154
1 0.9399038461538461 0.3701923076923077 0.11538461538461539 0.21634615384615385
1 0.9627403846153846 0.7247596153846154 0.07211538461538461 0.18269230769230768
1 0.9134615384615384 0.9110576923076923 0.17067307692307693 0.17307692307692307
1 0.5168269230769231 0.1201923076923077 0.20432692307692307 0.20673076923076922
2 0.4639423076923077 0.8461538461538461 0.22115384615384615 0.30288461538461536
0 0.46634615384615385 0.6622596153846154 0.0673076923076923 0.09134615384615384