2 0.5456730769230769 0.8822115384615384 0.3125 0.23317307692307693
1 0.6502403846153846 0.7103365384615384 0.2644230769230769 0.17548076923076922
1 0.33533653846153844 0.6899038461538461 0.23076923076923078 0.12980769230769232
1 0.34375 0.609375 0.23076923076923078 0.12980769230769232
1 0.1935096153846154 0.6237980769230769 0.1875 0.11298076923076923
1 0.6814903846153846 0.44711538461538464 0.23557692307692307 0.14903846153846154
1 0.9254807692307693 0.38221153846153844 0.14423076923076922 0.17307692307692307
1 0.9254807692307693 0.3245192307692308 0.14423076923076922 0.17307692307692307
1 0.6057692307692307 0.30528846153846156 0.22115384615384615 0.15865384615384615
1 0.5012019230769231 0.171875 0.22115384615384615 0.15865384615384615
1 0.46634615384615385 0.41466346153846156 0.22596153846153846 0.18990384615384615
1 0.9086538461538461 0.16826923076923078 0.1778846153846154 0.16346153846153846
1 0.7908653846153846 0.9375 0.22596153846153846 0.1201923076923077
1 0.25 0.9447115384615384 0.28125 0.10817307692307693
1 0.07692307692307693 0.4050480769230769 0.14903846153846154 0.21875
1 0.6045673076923077 0.10096153846153846 0.22115384615384615 0.15865384615384615
1 0.6983173076923077 0.125 0.22115384615384615 0.15865384615384615
1 0.8233173076923077 0.14543269230769232 0.22115384615384615 0.15865384615384615
1 0.8617788461538461 0.03245192307692308 0.21875 0.06009615384615385
1 0.1502403846153846 0.07091346153846154 0.2956730769230769 0.14182692307692307
1 0.18389423076923078 0.1778846153846154 0.27163461538461536 0.18509615384615385
0 0.22115384615384615 0.39663461538461536 0.10096153846153846 0.0673076923076923
0 0.21033653846153846 0.3016826923076923 0.10096153846153846 0.0673076923076923
0 0.07211538461538461 0.4723557692307692 0.10096153846153846 0.0673076923076923
1 0.35697115384615385 0.4411057692307692 0.23076923076923078 0.18028846153846154