1 0.4387019230769231 0.1045673076923077 0.21634615384615385 0.15384615384615385
1 0.421875 0.27163461538461536 0.21634615384615385 0.15384615384615385
1 0.6550480769230769 0.16466346153846154 0.21634615384615385 0.15384615384615385
1 0.6610576923076923 0.06009615384615385 0.21634615384615385 0.11538461538461539
1 0.5360576923076923 0.48197115384615385 0.20673076923076922 0.14903846153846154
1 0.6322115384615384 0.34975961538461536 0.19230769230769232 0.19951923076923078
1 0.7932692307692307 0.2980769230769231 0.15384615384615385 0.1875
1 0.9146634615384616 0.13341346153846154 0.1658653846153846 0.18990384615384615
1 0.7776442307692307 0.8221153846153846 0.2283653846153846 0.20673076923076922
1 0.921875 0.6346153846153846 0.15144230769230768 0.20673076923076922
1 0.7475961538461539 0.45913461538461536 0.21634615384615385 0.15865384615384615
1 0.49759615384615385 0.734375 0.25 0.16346153846153846
1 0.5444711538461539 0.8269230769230769 0.21634615384615385 0.16346153846153846
1 0.11658653846153846 0.17307692307692307 0.21634615384615385 0.15384615384615385
1 0.2776442307692308 0.6598557692307693 0.21634615384615385 0.15625
2 0.20192307692307693 0.4387019230769231 0.39903846153846156 0.3629807692307692