1 0.8786057692307693 0.4423076923076923 0.13942307692307693 0.23317307692307693
1 0.59375 0.6899038461538461 0.1971153846153846 0.23317307692307693
1 0.12740384615384615 0.49399038461538464 0.14423076923076922 0.22115384615384615
1 0.26322115384615385 0.4423076923076923 0.16826923076923078 0.22355769230769232
1 0.35336538461538464 0.8966346153846154 0.1971153846153846 0.20192307692307693
1 0.5204326923076923 0.9314903846153846 0.20192307692307693 0.1346153846153846
1 0.7211538461538461 0.9314903846153846 0.14903846153846154 0.1346153846153846
1 0.8545673076923077 0.9471153846153846 0.12980769230769232 0.10096153846153846
1 0.7680288461538461 0.2644230769230769 0.15384615384615385 0.1778846153846154
1 0.6045673076923077 0.08173076923076923 0.1778846153846154 0.16346153846153846
1 0.7824519230769231 0.06850961538461539 0.17067307692307693 0.13701923076923078
1 0.3737980769230769 0.06850961538461539 0.17067307692307693 0.13701923076923078
1 0.16105769230769232 0.8581730769230769 0.13221153846153846 0.21153846153846154
1 0.33533653846153844 0.6983173076923077 0.15144230769230768 0.1971153846153846
1 0.18028846153846154 0.26802884615384615 0.1658653846153846 0.2091346153846154
2 0.546875 0.35697115384615385 0.29086538461538464 0.40865384615384615
0 0.9326923076923077 0.6478365384615384 0.11298076923076923 0.1346153846153846