1 0.34134615384615385 0.8040865384615384 0.22596153846153846 0.17548076923076922
1 0.6550480769230769 0.8617788461538461 0.22596153846153846 0.17548076923076922
1 0.4723557692307692 0.9290865384615384 0.23076923076923078 0.13942307692307693
1 0.8197115384615384 0.9495192307692307 0.23076923076923078 0.09615384615384616
1 0.8966346153846154 0.5757211538461539 0.20192307692307693 0.19230769230769232
1 0.21875 0.5576923076923077 0.24519230769230768 0.1971153846153846
1 0.17668269230769232 0.38341346153846156 0.2548076923076923 0.16105769230769232
1 0.11658653846153846 0.6971153846153846 0.23076923076923078 0.16105769230769232
1 0.4483173076923077 0.05048076923076923 0.23798076923076922 0.09615384615384616
1 0.9122596153846154 0.04326923076923077 0.17067307692307693 0.08173076923076923
1 0.0829326923076923 0.0625 0.1658653846153846 0.1201923076923077
1 0.10096153846153846 0.22115384615384615 0.20192307692307693 0.18990384615384615
1 0.7932692307692307 0.125 0.20432692307692307 0.1875
2 0.5757211538461539 0.45072115384615385 0.4543269230769231 0.34375
0 0.9278846153846154 0.4651442307692308 0.08173076923076923 0.04807692307692308