2 0.5180288461538461 0.5949519230769231 0.22596153846153846 0.3004807692307692
1 0.6766826923076923 0.3942307692307692 0.15865384615384615 0.19951923076923078
1 0.7884615384615384 0.8125 0.1875 0.21394230769230768
1 0.9435096153846154 0.40024038461538464 0.10817307692307693 0.2283653846153846
1 0.859375 0.2920673076923077 0.1875 0.21153846153846154
1 0.828125 0.13581730769230768 0.1875 0.21153846153846154
1 0.4170673076923077 0.0985576923076923 0.11298076923076923 0.19230769230769232
1 0.4362980769230769 0.26322115384615385 0.19951923076923078 0.20192307692307693
1 0.5492788461538461 0.28125 0.20432692307692307 0.24519230769230768
1 0.5697115384615384 0.9002403846153846 0.18990384615384615 0.19471153846153846
1 0.36899038461538464 0.7355769230769231 0.14423076923076922 0.19230769230769232
1 0.31009615384615385 0.5492788461538461 0.14423076923076922 0.19230769230769232
1 0.21754807692307693 0.9278846153846154 0.15384615384615385 0.13942307692307693
1 0.22355769230769232 0.10817307692307693 0.1971153846153846 0.21153846153846154
0 0.39783653846153844 0.8629807692307693 0.0673076923076923 0.08173076923076923
0 0.6021634615384616 0.7596153846153846 0.0673076923076923 0.08173076923076923
1 0.07572115384615384 0.7271634615384616 0.13942307692307693 0.23317307692307693
1 0.04447115384615385 0.38822115384615385 0.08653846153846154 0.22596153846153846
1 0.09975961538461539 0.25841346153846156 0.14903846153846154 0.22596153846153846