2 0.29086538461538464 0.5853365384615384 0.25961538461538464 0.28365384615384615
1 0.47836538461538464 0.2956730769230769 0.19951923076923078 0.23557692307692307
1 0.140625 0.44350961538461536 0.1466346153846154 0.1971153846153846
1 0.11658653846153846 0.2644230769230769 0.21153846153846154 0.21875
1 0.38100961538461536 0.8317307692307693 0.16105769230769232 0.21153846153846154
1 0.2620192307692308 0.8581730769230769 0.16105769230769232 0.21153846153846154
1 0.203125 0.8533653846153846 0.16105769230769232 0.21153846153846154
1 0.09615384615384616 0.8533653846153846 0.16105769230769232 0.21153846153846154
1 0.5625 0.7548076923076923 0.15865384615384615 0.21153846153846154
1 0.7319711538461539 0.7439903846153846 0.15865384615384615 0.21153846153846154
1 0.8389423076923077 0.5180288461538461 0.15865384615384615 0.21394230769230768
1 0.8329326923076923 0.11538461538461539 0.18269230769230768 0.23076923076923078
1 0.6502403846153846 0.10096153846153846 0.18990384615384615 0.1971153846153846
1 0.2608173076923077 0.10096153846153846 0.18990384615384615 0.1971153846153846
1 0.29086538461538464 0.25841346153846156 0.18509615384615385 0.20192307692307693
0 0.03365384615384615 0.08173076923076923 0.0625 0.09134615384615384
0 0.8870192307692307 0.6466346153846154 0.055288461538461536 0.06490384615384616
1 0.6875 0.47475961538461536 0.1971153846153846 0.23798076923076922
1 0.8317307692307693 0.9098557692307693 0.13942307692307693 0.1778846153846154