2 0.6538461538461539 0.7331730769230769 0.20673076923076922 0.2620192307692308
1 0.5456730769230769 0.3233173076923077 0.18028846153846154 0.22596153846153846
1 0.4567307692307692 0.7740384615384616 0.18028846153846154 0.22596153846153846
1 0.36177884615384615 0.3858173076923077 0.1466346153846154 0.20192307692307693
1 0.20072115384615385 0.28966346153846156 0.1466346153846154 0.20432692307692307
1 0.25961538461538464 0.2536057692307692 0.1466346153846154 0.20432692307692307
1 0.37259615384615385 0.12259615384615384 0.20432692307692307 0.23557692307692307
1 0.6105769230769231 0.4567307692307692 0.15865384615384615 0.18990384615384615
1 0.7692307692307693 0.20793269230769232 0.2091346153846154 0.24759615384615385
1 0.8413461538461539 0.9134615384615384 0.18269230769230768 0.16826923076923078
1 0.6502403846153846 0.9086538461538461 0.16105769230769232 0.17307692307692307
1 0.2644230769230769 0.9158653846153846 0.1875 0.16346153846153846
1 0.08774038461538461 0.6382211538461539 0.17307692307692307 0.19471153846153846
1 0.08413461538461539 0.5060096153846154 0.1658653846153846 0.19471153846153846
1 0.06370192307692307 0.3870192307692308 0.125 0.21153846153846154
1 0.18389423076923078 0.7067307692307693 0.15384615384615385 0.21153846153846154
1 0.2692307692307692 0.7848557692307693 0.15384615384615385 0.21153846153846154
1 0.2536057692307692 0.6358173076923077 0.15384615384615385 0.21153846153846154
1 0.2536057692307692 0.5805288461538461 0.16826923076923078 0.21634615384615385
1 0.2932692307692308 0.5757211538461539 0.16826923076923078 0.21634615384615385
1 0.3605769230769231 0.5276442307692307 0.16826923076923078 0.21634615384615385
1 0.8329326923076923 0.4026442307692308 0.1971153846153846 0.22596153846153846
1 0.17307692307692307 0.07451923076923077 0.20673076923076922 0.1466346153846154
1 0.9314903846153846 0.1201923076923077 0.13221153846153846 0.2403846153846154
0 0.8161057692307693 0.7536057692307693 0.0625 0.10096153846153846