2 0.31850961538461536 0.7211538461538461 0.3125 0.28846153846153844
0 0.8004807692307693 0.24759615384615385 0.07692307692307693 0.057692307692307696
0 0.9290865384615384 0.2860576923076923 0.10336538461538461 0.08413461538461539
0 0.06370192307692307 0.71875 0.07692307692307693 0.057692307692307696
1 0.33774038461538464 0.09975961538461539 0.22115384615384615 0.1875
1 0.5841346153846154 0.5829326923076923 0.22115384615384615 0.1875
1 0.6514423076923077 0.5228365384615384 0.22115384615384615 0.1875
1 0.6177884615384616 0.4230769230769231 0.22115384615384615 0.1875
1 0.6286057692307693 0.34975961538461536 0.22115384615384615 0.1875
1 0.5793269230769231 0.28125 0.22115384615384615 0.1875
1 0.5625 0.22115384615384615 0.22115384615384615 0.1875
1 0.6129807692307693 0.11177884615384616 0.22115384615384615 0.1875
1 0.8930288461538461 0.7319711538461539 0.2091346153846154 0.19471153846153846
1 0.8930288461538461 0.5685096153846154 0.2091346153846154 0.19471153846153846
1 0.8461538461538461 0.4519230769230769 0.22115384615384615 0.1875
1 0.49158653846153844 0.9230769230769231 0.28125 0.14903846153846154
1 0.08653846153846154 0.3449519230769231 0.16826923076923078 0.19230769230769232