1 0.125 0.671875 0.19951923076923078 0.2644230769230769
1 0.21033653846153846 0.34375 0.1778846153846154 0.2692307692307692
1 0.7271634615384616 0.6225961538461539 0.15384615384615385 0.2283653846153846
1 0.4423076923076923 0.8774038461538461 0.15384615384615385 0.2283653846153846
1 0.14543269230769232 0.9086538461538461 0.17067307692307693 0.1778846153846154
1 0.9170673076923077 0.31009615384615385 0.16105769230769232 0.22596153846153846
1 0.6514423076923077 0.4170673076923077 0.1658653846153846 0.22355769230769232
1 0.7439903846153846 0.25240384615384615 0.18509615384615385 0.21634615384615385
1 0.5600961538461539 0.234375 0.18509615384615385 0.21634615384615385
1 0.056490384615384616 0.3076923076923077 0.11057692307692307 0.22115384615384615
1 0.2692307692307692 0.8064903846153846 0.15865384615384615 0.21875
1 0.7524038461538461 0.11658653846153846 0.14903846153846154 0.16346153846153846
1 0.8918269230769231 0.8894230769230769 0.21153846153846154 0.21634615384615385
1 0.5949519230769231 0.6850961538461539 0.11538461538461539 0.2932692307692308
1 0.34975961538461536 0.1502403846153846 0.16826923076923078 0.22596153846153846
1 0.8918269230769231 0.5516826923076923 0.16826923076923078 0.22596153846153846
1 0.06009615384615385 0.0829326923076923 0.11538461538461539 0.16346153846153846
0 0.23918269230769232 0.056490384615384616 0.09134615384615384 0.11057692307692307
0 0.47836538461538464 0.14423076923076922 0.057692307692307696 0.05048076923076923
2 0.4182692307692308 0.5060096153846154 0.39663461538461536 0.47596153846153844