1 0.09615384615384616 0.8677884615384616 0.19230769230769232 0.18028846153846154
1 0.5444711538461539 0.6490384615384616 0.25 0.1778846153846154
1 0.8810096153846154 0.8701923076923077 0.23557692307692307 0.13942307692307693
1 0.2824519230769231 0.9447115384615384 0.2403846153846154 0.10817307692307693
1 0.8762019230769231 0.7079326923076923 0.24519230769230768 0.1778846153846154
1 0.10096153846153846 0.6490384615384616 0.1971153846153846 0.1778846153846154
1 0.27884615384615385 0.1875 0.24759615384615385 0.20673076923076922
1 0.15745192307692307 0.5012019230769231 0.22115384615384615 0.1875
1 0.5276442307692307 0.10096153846153846 0.22115384615384615 0.19951923076923078
1 0.47596153846153844 0.7415865384615384 0.25961538461538464 0.1778846153846154
1 0.6730769230769231 0.7391826923076923 0.22355769230769232 0.15865384615384615
2 0.8533653846153846 0.1814903846153846 0.28846153846153844 0.3629807692307692
0 0.4266826923076923 0.8629807692307693 0.0889423076923077 0.07692307692307693