1 0.46634615384615385 0.5901442307692307 0.21153846153846154 0.13942307692307693
1 0.13701923076923078 0.5697115384615384 0.21634615384615385 0.16346153846153846
1 0.19591346153846154 0.33052884615384615 0.1875 0.125
1 0.7043269230769231 0.7764423076923077 0.19230769230769232 0.1346153846153846
1 0.5564903846153846 0.7115384615384616 0.20192307692307693 0.1466346153846154
1 0.34615384615384615 0.7932692307692307 0.20192307692307693 0.1466346153846154
1 0.8846153846153846 0.5324519230769231 0.22596153846153846 0.16826923076923078
1 0.5372596153846154 0.054086538461538464 0.2283653846153846 0.10336538461538461
1 0.8617788461538461 0.39302884615384615 0.2403846153846154 0.15865384615384615
1 0.1346153846153846 0.11298076923076923 0.22596153846153846 0.14423076923076922
2 0.4699519230769231 0.29447115384615385 0.32211538461538464 0.2692307692307692
0 0.5612980769230769 0.8257211538461539 0.0673076923076923 0.052884615384615384
0 0.06971153846153846 0.28966346153846156 0.08413461538461539 0.05048076923076923
0 0.1814903846153846 0.09014423076923077 0.04807692307692308 0.028846153846153848
0 0.328125 0.6153846153846154 0.0673076923076923 0.055288461538461536