1 0.1658653846153846 0.18389423076923078 0.17067307692307693 0.25
1 0.3870192307692308 0.23798076923076922 0.22355769230769232 0.21153846153846154
1 0.14543269230769232 0.7872596153846154 0.18269230769230768 0.22596153846153846
1 0.5925480769230769 0.8004807692307693 0.18269230769230768 0.22596153846153846
1 0.41225961538461536 0.7019230769230769 0.1875 0.25
1 0.9146634615384616 0.4879807692307692 0.15384615384615385 0.20673076923076922
1 0.21033653846153846 0.5288461538461539 0.16105769230769232 0.21634615384615385
1 0.2548076923076923 0.6117788461538461 0.12980769230769232 0.1778846153846154
1 0.38461538461538464 0.46634615384615385 0.1778846153846154 0.1875
1 0.29927884615384615 0.875 0.13942307692307693 0.19230769230769232
1 0.8713942307692307 0.7463942307692307 0.1778846153846154 0.20192307692307693
1 0.06370192307692307 0.5829326923076923 0.125 0.24519230769230768
1 0.8052884615384616 0.5661057692307693 0.09615384615384616 0.1346153846153846
2 0.609375 0.3473557692307692 0.4014423076923077 0.5120192307692307