1 0.08173076923076923 0.8713942307692307 0.16105769230769232 0.23076923076923078
1 0.22355769230769232 0.8341346153846154 0.17548076923076922 0.2283653846153846
1 0.7223557692307693 0.8798076923076923 0.14903846153846154 0.22355769230769232
1 0.41346153846153844 0.7235576923076923 0.19230769230769232 0.25961538461538464
1 0.3329326923076923 0.5420673076923077 0.19230769230769232 0.25961538461538464
1 0.28846153846153844 0.11778846153846154 0.18028846153846154 0.23557692307692307
1 0.1658653846153846 0.5252403846153846 0.15865384615384615 0.2091346153846154
1 0.8461538461538461 0.3088942307692308 0.17307692307692307 0.2403846153846154
1 0.8173076923076923 0.7223557692307693 0.1971153846153846 0.21634615384615385
1 0.5913461538461539 0.6923076923076923 0.16826923076923078 0.20432692307692307
1 0.5745192307692307 0.9086538461538461 0.17067307692307693 0.1778846153846154
1 0.7391826923076923 0.16466346153846154 0.16826923076923078 0.2403846153846154
1 0.6177884615384616 0.09615384615384616 0.16346153846153846 0.1875
0 0.14543269230769232 0.3545673076923077 0.052884615384615384 0.09615384615384616
0 0.27524038461538464 0.3473557692307692 0.0889423076923077 0.11057692307692307
0 0.7944711538461539 0.484375 0.0673076923076923 0.0985576923076923
0 0.7932692307692307 0.4014423076923077 0.0625 0.07692307692307693
2 0.5408653846153846 0.3389423076923077 0.34134615384615385 0.4206730769230769