2 0.6346153846153846 0.8786057692307693 0.2692307692307692 0.23798076923076922
1 0.21995192307692307 0.71875 0.16826923076923078 0.25721153846153844
1 0.5108173076923077 0.6646634615384616 0.17067307692307693 0.25721153846153844
1 0.39903846153846156 0.5 0.15144230769230768 0.3125
1 0.24639423076923078 0.49278846153846156 0.15625 0.24519230769230768
1 0.7115384615384616 0.6646634615384616 0.15625 0.24519230769230768
1 0.6875 0.3713942307692308 0.15625 0.24519230769230768
1 0.59375 0.12980769230769232 0.17548076923076922 0.2548076923076923
1 0.12620192307692307 0.23197115384615385 0.19471153846153846 0.2620192307692308
1 0.8990384615384616 0.9122596153846154 0.18269230769230768 0.17067307692307693
1 0.9699519230769231 0.6117788461538461 0.057692307692307696 0.23076923076923078
1 0.9639423076923077 0.33533653846153844 0.06971153846153846 0.3076923076923077
1 0.8810096153846154 0.21634615384615385 0.15384615384615385 0.22596153846153846
1 0.7439903846153846 0.17307692307692307 0.19471153846153846 0.27163461538461536
1 0.0889423076923077 0.4074519230769231 0.13942307692307693 0.24278846153846154
1 0.8725961538461539 0.4831730769230769 0.16826923076923078 0.25721153846153844