1 0.8377403846153846 0.12980769230769232 0.2644230769230769 0.1971153846153846
1 0.27163461538461536 0.5733173076923077 0.23076923076923078 0.16105769230769232
1 0.14423076923076922 0.38461538461538464 0.21153846153846154 0.20673076923076922
1 0.2247596153846154 0.7259615384615384 0.21634615384615385 0.18028846153846154
1 0.9290865384615384 0.6911057692307693 0.13701923076923078 0.18269230769230768
1 0.5877403846153846 0.7427884615384616 0.21634615384615385 0.18028846153846154
1 0.4795673076923077 0.734375 0.21634615384615385 0.18028846153846154
1 0.2932692307692308 0.9230769230769231 0.2932692307692308 0.15144230769230768
1 0.18028846153846154 0.25841346153846156 0.2403846153846154 0.15865384615384615
1 0.8834134615384616 0.38221153846153844 0.22596153846153846 0.16105769230769232
1 0.8125 0.828125 0.23557692307692307 0.19471153846153846
0 0.7379807692307693 0.6117788461538461 0.06971153846153846 0.0625
0 0.8689903846153846 0.5408653846153846 0.08653846153846154 0.0625
0 0.24879807692307693 0.1502403846153846 0.09134615384615384 0.07211538461538461
2 0.5444711538461539 0.28846153846153844 0.5240384615384616 0.38461538461538464