1 0.23197115384615385 0.0985576923076923 0.20673076923076922 0.16105769230769232
1 0.4675480769230769 0.057692307692307696 0.29086538461538464 0.11057692307692307
1 0.6370192307692307 0.6009615384615384 0.24759615384615385 0.20432692307692307
1 0.36899038461538464 0.7247596153846154 0.23557692307692307 0.16826923076923078
1 0.2620192307692308 0.36177884615384615 0.2548076923076923 0.16346153846153846
1 0.5060096153846154 0.9242788461538461 0.24519230769230768 0.14903846153846154
1 0.9194711538461539 0.5997596153846154 0.15865384615384615 0.17307692307692307
1 0.7391826923076923 0.23076923076923078 0.21634615384615385 0.21634615384615385
1 0.5612980769230769 0.18509615384615385 0.28365384615384615 0.20673076923076922
1 0.23798076923076922 0.5540865384615384 0.22115384615384615 0.20673076923076922
1 0.9278846153846154 0.3786057692307692 0.13942307692307693 0.2091346153846154
0 0.06490384615384616 0.36658653846153844 0.0985576923076923 0.0625
0 0.8497596153846154 0.4735576923076923 0.09134615384615384 0.0625
2 0.8389423076923077 0.7824519230769231 0.3173076923076923 0.2620192307692308