1 0.5552884615384616 0.3161057692307692 0.19230769230769232 0.2403846153846154
1 0.18870192307692307 0.28966346153846156 0.19230769230769232 0.2403846153846154
1 0.7860576923076923 0.17548076923076922 0.17548076923076922 0.28846153846153844
1 0.9507211538461539 0.24879807692307693 0.09615384615384616 0.29086538461538464
1 0.8870192307692307 0.515625 0.17548076923076922 0.28846153846153844
1 0.8737980769230769 0.8401442307692307 0.17548076923076922 0.28846153846153844
1 0.796875 0.8641826923076923 0.1778846153846154 0.2692307692307692
1 0.44471153846153844 0.4495192307692308 0.16826923076923078 0.2403846153846154
1 0.7235576923076923 0.4651442307692308 0.16826923076923078 0.2403846153846154
1 0.0829326923076923 0.20192307692307693 0.1658653846153846 0.2403846153846154
1 0.6478365384615384 0.0673076923076923 0.20432692307692307 0.1346153846153846
1 0.38100961538461536 0.04927884615384615 0.21875 0.0985576923076923
1 0.3641826923076923 0.4266826923076923 0.1466346153846154 0.23557692307692307
1 0.30649038461538464 0.4855769230769231 0.1466346153846154 0.23557692307692307
1 0.24519230769230768 0.5300480769230769 0.1466346153846154 0.23557692307692307
1 0.1201923076923077 0.5757211538461539 0.1466346153846154 0.23557692307692307
0 0.3173076923076923 0.12259615384615384 0.0625 0.07932692307692307
0 0.039663461538461536 0.8798076923076923 0.0625 0.07932692307692307
0 0.23918269230769232 0.6634615384615384 0.0625 0.07932692307692307
2 0.5661057692307693 0.7920673076923077 0.3581730769230769 0.41346153846153844
1 0.32572115384615385 0.7487980769230769 0.14423076923076922 0.28125
1 0.19951923076923078 0.07932692307692307 0.1875 0.15865384615384615