1 0.05048076923076923 0.30649038461538464 0.09615384615384616 0.23798076923076922
1 0.390625 0.13341346153846154 0.21634615384615385 0.23076923076923078
1 0.22956730769230768 0.42908653846153844 0.16346153846153846 0.23557692307692307
1 0.9206730769230769 0.5168269230769231 0.15625 0.2620192307692308
1 0.6598557692307693 0.0733173076923077 0.16105769230769232 0.14182692307692307
1 0.18870192307692307 0.07572115384615384 0.18269230769230768 0.14903846153846154
1 0.07091346153846154 0.9026442307692307 0.13701923076923078 0.18990384615384615
1 0.7451923076923077 0.5012019230769231 0.17307692307692307 0.23076923076923078
1 0.4026442307692308 0.38100961538461536 0.21634615384615385 0.2403846153846154
1 0.5817307692307693 0.2247596153846154 0.1971153846153846 0.23076923076923078
1 0.2091346153846154 0.5973557692307693 0.13221153846153846 0.16346153846153846
2 0.5180288461538461 0.6826923076923077 0.3870192307692308 0.4951923076923077