1 0.4855769230769231 0.23677884615384615 0.19230769230769232 0.24519230769230768
1 0.3317307692307692 0.5264423076923077 0.19230769230769232 0.18269230769230768
1 0.21995192307692307 0.15985576923076922 0.17307692307692307 0.20192307692307693
1 0.12860576923076922 0.5745192307692307 0.17307692307692307 0.23557692307692307
1 0.13942307692307693 0.27403846153846156 0.16346153846153846 0.19951923076923078
1 0.2764423076923077 0.06850961538461539 0.15384615384615385 0.13221153846153846
1 0.8737980769230769 0.15985576923076922 0.1346153846153846 0.21153846153846154
1 0.625 0.6730769230769231 0.16346153846153846 0.20673076923076922
1 0.15985576923076922 0.9026442307692307 0.1658653846153846 0.18990384615384615
1 0.35096153846153844 0.7271634615384616 0.19230769230769232 0.20192307692307693
1 0.9098557692307693 0.8978365384615384 0.1658653846153846 0.19951923076923078
1 0.7956730769230769 0.7127403846153846 0.16826923076923078 0.1971153846153846
1 0.5817307692307693 0.9014423076923077 0.17307692307692307 0.19230769230769232
1 0.4170673076923077 0.9278846153846154 0.18028846153846154 0.13942307692307693
1 0.7536057692307693 0.90625 0.16105769230769232 0.18269230769230768
1 0.9302884615384616 0.5084134615384616 0.1346153846153846 0.19951923076923078
2 0.7007211538461539 0.33052884615384615 0.29086538461538464 0.40384615384615385