1 0.7415865384615384 0.08173076923076923 0.2644230769230769 0.15865384615384615
1 0.07932692307692307 0.21033653846153846 0.15384615384615385 0.17307692307692307
1 0.7596153846153846 0.6129807692307693 0.2692307692307692 0.17307692307692307
1 0.8882211538461539 0.7283653846153846 0.21875 0.20673076923076922
1 0.8978365384615384 0.90625 0.20432692307692307 0.18269230769230768
1 0.8930288461538461 0.38822115384615385 0.21153846153846154 0.19230769230769232
1 0.32091346153846156 0.8221153846153846 0.22115384615384615 0.17307692307692307
1 0.06850961538461539 0.7680288461538461 0.13221153846153846 0.16105769230769232
0 0.16947115384615385 0.09014423076923077 0.09134615384615384 0.08413461538461539
0 0.27884615384615385 0.6334134615384616 0.08173076923076923 0.055288461538461536
2 0.5805288461538461 0.4182692307692308 0.4807692307692308 0.375
1 0.07932692307692307 0.4375 0.15384615384615385 0.18509615384615385
1 0.055288461538461536 0.0733173076923077 0.10576923076923077 0.14423076923076922