2 0.6887019230769231 0.6334134615384616 0.24278846153846154 0.30528846153846156
1 0.796875 0.41586538461538464 0.17548076923076922 0.21875
1 0.4579326923076923 0.3786057692307692 0.1466346153846154 0.25961538461538464
1 0.5180288461538461 0.36538461538461536 0.11298076923076923 0.25721153846153844
1 0.5697115384615384 0.3137019230769231 0.11298076923076923 0.25721153846153844
1 0.609375 0.27524038461538464 0.11298076923076923 0.25721153846153844
1 0.65625 0.265625 0.11298076923076923 0.25721153846153844
1 0.21995192307692307 0.43990384615384615 0.17548076923076922 0.21875
1 0.3016826923076923 0.4651442307692308 0.17548076923076922 0.21875
1 0.1778846153846154 0.25961538461538464 0.17548076923076922 0.21875
1 0.046875 0.1971153846153846 0.09134615384615384 0.22355769230769232
1 0.052884615384615384 0.7247596153846154 0.10336538461538461 0.20673076923076922
1 0.08173076923076923 0.8353365384615384 0.16105769230769232 0.21153846153846154
1 0.3629807692307692 0.7415865384615384 0.18509615384615385 0.23798076923076922
1 0.44711538461538464 0.9098557692307693 0.19230769230769232 0.17548076923076922
1 0.36538461538461536 0.11538461538461539 0.1875 0.22596153846153846
1 0.6442307692307693 0.09375 0.1778846153846154 0.18269230769230768
1 0.8317307692307693 0.8545673076923077 0.15384615384615385 0.23557692307692307
1 0.6237980769230769 0.9110576923076923 0.15625 0.17307692307692307