1 0.5456730769230769 0.2548076923076923 0.24278846153846154 0.1971153846153846
1 0.8725961538461539 0.5588942307692307 0.1778846153846154 0.17548076923076922
1 0.10576923076923077 0.8641826923076923 0.20673076923076922 0.17548076923076922
1 0.5985576923076923 0.7259615384615384 0.20673076923076922 0.17548076923076922
1 0.3605769230769231 0.33774038461538464 0.20673076923076922 0.17548076923076922
1 0.4098557692307692 0.9158653846153846 0.23798076923076922 0.16346153846153846
1 0.3605769230769231 0.53125 0.20673076923076922 0.17548076923076922
1 0.21995192307692307 0.08774038461538461 0.2091346153846154 0.17307692307692307
1 0.08173076923076923 0.26802884615384615 0.16346153846153846 0.14903846153846154
1 0.7295673076923077 0.9278846153846154 0.19951923076923078 0.13942307692307693
2 0.625 0.5036057692307693 0.3076923076923077 0.20192307692307693
0 0.84375 0.8882211538461539 0.057692307692307696 0.04326923076923077
0 0.9519230769230769 0.8641826923076923 0.08413461538461539 0.040865384615384616