1 0.28125 0.30528846153846156 0.23557692307692307 0.16105769230769232
1 0.08533653846153846 0.21153846153846154 0.17067307692307693 0.1658653846153846
1 0.07692307692307693 0.49038461538461536 0.15384615384615385 0.16105769230769232
1 0.0889423076923077 0.6971153846153846 0.1778846153846154 0.16105769230769232
1 0.2848557692307692 0.9579326923076923 0.19230769230769232 0.08173076923076923
1 0.7548076923076923 0.9387019230769231 0.21634615384615385 0.1201923076923077
1 0.6814903846153846 0.39783653846153844 0.21394230769230768 0.1778846153846154
1 0.8858173076923077 0.16826923076923078 0.21394230769230768 0.1778846153846154
1 0.3389423076923077 0.6490384615384616 0.21875 0.21153846153846154
1 0.8197115384615384 0.40865384615384615 0.19230769230769232 0.16826923076923078
1 0.5180288461538461 0.2920673076923077 0.28846153846153844 0.20192307692307693
2 0.6526442307692307 0.6274038461538461 0.40865384615384615 0.31971153846153844