1 0.2920673076923077 0.28725961538461536 0.21634615384615385 0.22355769230769232
1 0.43028846153846156 0.3076923076923077 0.20673076923076922 0.1875
1 0.3425480769230769 0.7608173076923077 0.22115384615384615 0.19951923076923078
1 0.8233173076923077 0.7283653846153846 0.21394230769230768 0.16826923076923078
1 0.8966346153846154 0.6862980769230769 0.20192307692307693 0.15144230769230768
1 0.5925480769230769 0.9098557692307693 0.25721153846153844 0.17548076923076922
1 0.7319711538461539 0.4387019230769231 0.25 0.1778846153846154
1 0.3233173076923077 0.08173076923076923 0.25721153846153844 0.16105769230769232
1 0.5997596153846154 0.14423076923076922 0.24519230769230768 0.16346153846153846
1 0.6598557692307693 0.35096153846153844 0.24519230769230768 0.16346153846153846
1 0.2247596153846154 0.5132211538461539 0.24519230769230768 0.16346153846153846
1 0.4807692307692308 0.5228365384615384 0.2644230769230769 0.19471153846153846
2 0.10216346153846154 0.33413461538461536 0.20192307692307693 0.46153846153846156
1 0.09375 0.7716346153846154 0.1875 0.15384615384615385
1 0.22115384615384615 0.7295673076923077 0.21153846153846154 0.15144230769230768
1 0.8894230769230769 0.15504807692307693 0.21634615384615385 0.18028846153846154