1 0.796875 0.38461538461538464 0.15865384615384615 0.19951923076923078
1 0.6382211538461539 0.2824519230769231 0.13942307692307693 0.19951923076923078
1 0.5084134615384616 0.2764423076923077 0.15625 0.22596153846153846
1 0.22115384615384615 0.28725961538461536 0.17067307692307693 0.21394230769230768
1 0.08533653846153846 0.31009615384615385 0.16826923076923078 0.25
1 0.8521634615384616 0.1045673076923077 0.16105769230769232 0.19230769230769232
1 0.7512019230769231 0.6466346153846154 0.17548076923076922 0.2548076923076923
1 0.9158653846153846 0.6802884615384616 0.16105769230769232 0.19230769230769232
1 0.3858173076923077 0.4831730769230769 0.16346153846153846 0.21634615384615385
1 0.23317307692307693 0.5817307692307693 0.16346153846153846 0.18509615384615385
1 0.07451923076923077 0.8425480769230769 0.1466346153846154 0.1875
1 0.8509615384615384 0.8846153846153846 0.1778846153846154 0.21634615384615385
0 0.3629807692307692 0.0625 0.06971153846153846 0.09615384615384616
2 0.4951923076923077 0.828125 0.33653846153846156 0.34134615384615385
0 0.8846153846153846 0.96875 0.0673076923076923 0.057692307692307696