1 0.6574519230769231 0.8689903846153846 0.2403846153846154 0.18509615384615385
1 0.4182692307692308 0.8653846153846154 0.2403846153846154 0.18509615384615385
1 0.1875 0.08413461538461539 0.25 0.16346153846153846
1 0.21153846153846154 0.7932692307692307 0.20192307692307693 0.16346153846153846
1 0.7848557692307693 0.4423076923076923 0.20192307692307693 0.16346153846153846
1 0.9302884615384616 0.06009615384615385 0.1346153846153846 0.11538461538461539
1 0.33533653846153844 0.59375 0.1658653846153846 0.16346153846153846
1 0.3545673076923077 0.3016826923076923 0.1658653846153846 0.16346153846153846
1 0.6045673076923077 0.42908653846153844 0.1658653846153846 0.16346153846153846
1 0.9182692307692307 0.6201923076923077 0.15865384615384615 0.16826923076923078
1 0.15264423076923078 0.3713942307692308 0.18990384615384615 0.1658653846153846
1 0.6899038461538461 0.19591346153846154 0.18990384615384615 0.1658653846153846
1 0.6610576923076923 0.7199519230769231 0.2283653846153846 0.17307692307692307
1 0.11057692307692307 0.6682692307692307 0.21634615384615385 0.19230769230769232
1 0.3233173076923077 0.4170673076923077 0.15384615384615385 0.1201923076923077
2 0.45072115384615385 0.09495192307692307 0.25721153846153844 0.18509615384615385
0 0.33533653846153844 0.8689903846153846 0.057692307692307696 0.04326923076923077