1 0.0829326923076923 0.5673076923076923 0.1466346153846154 0.21394230769230768
1 0.09495192307692307 0.3293269230769231 0.16346153846153846 0.22115384615384615
1 0.12740384615384615 0.1045673076923077 0.15865384615384615 0.20432692307692307
1 0.40865384615384615 0.7427884615384616 0.19471153846153846 0.21634615384615385
1 0.22235576923076922 0.6502403846153846 0.19471153846153846 0.21634615384615385
1 0.2620192307692308 0.890625 0.1971153846153846 0.21394230769230768
1 0.6298076923076923 0.7860576923076923 0.19471153846153846 0.21634615384615385
1 0.7704326923076923 0.43149038461538464 0.19471153846153846 0.22115384615384615
1 0.765625 0.21514423076923078 0.19471153846153846 0.22115384615384615
1 0.9182692307692307 0.09134615384615384 0.15865384615384615 0.1778846153846154
1 0.8209134615384616 0.6514423076923077 0.20673076923076922 0.2668269230769231
0 0.20072115384615385 0.4375 0.0625 0.07451923076923077
2 0.453125 0.2283653846153846 0.3557692307692308 0.4519230769230769