1 0.24639423076923078 0.15865384615384615 0.22596153846153846 0.17307692307692307
1 0.45072115384615385 0.04927884615384615 0.2548076923076923 0.09615384615384616
1 0.6550480769230769 0.3329326923076923 0.22596153846153846 0.17307692307692307
1 0.7139423076923077 0.2512019230769231 0.24519230769230768 0.1778846153846154
1 0.9086538461538461 0.30528846153846156 0.1778846153846154 0.15384615384615385
1 0.9086538461538461 0.4519230769230769 0.1778846153846154 0.15384615384615385
1 0.46875 0.8834134615384616 0.20673076923076922 0.1658653846153846
1 0.6838942307692307 0.8353365384615384 0.20673076923076922 0.1658653846153846
1 0.6057692307692307 0.6706730769230769 0.20673076923076922 0.1658653846153846
1 0.4014423076923077 0.4651442307692308 0.21875 0.19471153846153846
1 0.4495192307692308 0.3605769230769231 0.21875 0.18269230769230768
1 0.19230769230769232 0.3173076923076923 0.27403846153846156 0.15625
1 0.16947115384615385 0.5348557692307693 0.2548076923076923 0.11298076923076923
1 0.8401442307692307 0.6009615384615384 0.31490384615384615 0.22115384615384615
2 0.26802884615384615 0.7055288461538461 0.43028846153846156 0.3581730769230769