1 0.10096153846153846 0.9086538461538461 0.1971153846153846 0.1778846153846154
1 0.23076923076923078 0.7151442307692307 0.23557692307692307 0.18028846153846154
1 0.7956730769230769 0.9338942307692307 0.22596153846153846 0.12740384615384615
1 0.4891826923076923 0.5324519230769231 0.2283653846153846 0.16826923076923078
1 0.23918269230769232 0.34975961538461536 0.2283653846153846 0.16826923076923078
1 0.36538461538461536 0.078125 0.23076923076923078 0.15384615384615385
1 0.5793269230769231 0.13822115384615385 0.2283653846153846 0.16826923076923078
1 0.5588942307692307 0.28725961538461536 0.18269230769230768 0.14423076923076922
1 0.9350961538461539 0.2403846153846154 0.125 0.14423076923076922
1 0.3016826923076923 0.921875 0.23317307692307693 0.15144230769230768
1 0.6045673076923077 0.8233173076923077 0.2644230769230769 0.15625
2 0.8557692307692307 0.6995192307692307 0.27884615384615385 0.22115384615384615