2 0.38221153846153844 0.5192307692307693 0.3125 0.23798076923076922
1 0.5925480769230769 0.6838942307692307 0.20673076923076922 0.1658653846153846
1 0.15625 0.8016826923076923 0.22355769230769232 0.1971153846153846
1 0.5865384615384616 0.953125 0.23557692307692307 0.0889423076923077
1 0.6995192307692307 0.8762019230769231 0.22115384615384615 0.1971153846153846
1 0.8629807692307693 0.8425480769230769 0.22115384615384615 0.1971153846153846
1 0.8978365384615384 0.41346153846153844 0.19951923076923078 0.1201923076923077
1 0.7295673076923077 0.4326923076923077 0.21153846153846154 0.20673076923076922
1 0.7115384615384616 0.5516826923076923 0.2548076923076923 0.21153846153846154
1 0.08413461538461539 0.5733173076923077 0.16346153846153846 0.19951923076923078
1 0.23677884615384615 0.3629807692307692 0.19951923076923078 0.15144230769230768
1 0.43149038461538464 0.3016826923076923 0.19951923076923078 0.15144230769230768
1 0.055288461538461536 0.20432692307692307 0.10576923076923077 0.16346153846153846
1 0.8882211538461539 0.2127403846153846 0.21875 0.2091346153846154
0 0.10336538461538461 0.39302884615384615 0.08653846153846154 0.07211538461538461
0 0.21153846153846154 0.6069711538461539 0.08653846153846154 0.07211538461538461
1 0.2439903846153846 0.06610576923076923 0.24519230769230768 0.12740384615384615
1 0.5997596153846154 0.03485576923076923 0.23557692307692307 0.0673076923076923
1 0.734375 0.08052884615384616 0.23557692307692307 0.15384615384615385