0 0.6911057692307693 0.45072115384615385 0.09615384615384616 0.10336538461538461
2 0.6334134615384616 0.8737980769230769 0.20192307692307693 0.18269230769230768
1 0.41346153846153844 0.31850961538461536 0.17548076923076922 0.23557692307692307
1 0.7055288461538461 0.15625 0.17548076923076922 0.23557692307692307
1 0.8810096153846154 0.18509615384615385 0.17548076923076922 0.23557692307692307
1 0.7920673076923077 0.5540865384615384 0.17548076923076922 0.23557692307692307
1 0.828125 0.8966346153846154 0.1778846153846154 0.20192307692307693
1 0.5144230769230769 0.6237980769230769 0.17548076923076922 0.23557692307692307
0 0.59375 0.7704326923076923 0.055288461538461536 0.0673076923076923
1 0.109375 0.7091346153846154 0.17548076923076922 0.23317307692307693
1 0.04447115384615385 0.7055288461538461 0.08413461538461539 0.2283653846153846
1 0.17427884615384615 0.46634615384615385 0.17548076923076922 0.23557692307692307
1 0.2776442307692308 0.6394230769230769 0.17548076923076922 0.23557692307692307
1 0.2800480769230769 0.8930288461538461 0.1778846153846154 0.21153846153846154
1 0.2776442307692308 0.890625 0.1778846153846154 0.21634615384615385
1 0.22235576923076922 0.19230769230769232 0.17548076923076922 0.23557692307692307
1 0.7980769230769231 0.23076923076923078 0.17548076923076922 0.23557692307692307
1 0.9447115384615384 0.6574519230769231 0.10817307692307693 0.22355769230769232
1 0.14543269230769232 0.9110576923076923 0.18028846153846154 0.17307692307692307
1 0.06610576923076923 0.38341346153846156 0.13221153846153846 0.23557692307692307
1 0.11057692307692307 0.0985576923076923 0.18269230769230768 0.19230769230769232
1 0.31490384615384615 0.0985576923076923 0.18269230769230768 0.19230769230769232
0 0.11538461538461539 0.3016826923076923 0.057692307692307696 0.07211538461538461