1 0.46634615384615385 0.6766826923076923 0.19230769230769232 0.2548076923076923
1 0.7055288461538461 0.23918269230769232 0.19230769230769232 0.25721153846153844
1 0.8653846153846154 0.16105769230769232 0.19230769230769232 0.25721153846153844
1 0.9170673076923077 0.6262019230769231 0.16346153846153846 0.21875
1 0.9411057692307693 0.3918269230769231 0.11538461538461539 0.25961538461538464
1 0.7800480769230769 0.46634615384615385 0.17307692307692307 0.21153846153846154
1 0.7283653846153846 0.7115384615384616 0.17307692307692307 0.21153846153846154
1 0.7728365384615384 0.8954326923076923 0.17548076923076922 0.20432692307692307
1 0.23798076923076922 0.8449519230769231 0.17307692307692307 0.21153846153846154
2 0.4579326923076923 0.19951923076923078 0.3581730769230769 0.3942307692307692
2 0.16706730769230768 0.4639423076923077 0.3293269230769231 0.5528846153846154