1 0.7980769230769231 0.10697115384615384 0.18269230769230768 0.20192307692307693
1 0.7235576923076923 0.33413461538461536 0.1778846153846154 0.2091346153846154
1 0.7944711538461539 0.9483173076923077 0.2403846153846154 0.0985576923076923
1 0.48677884615384615 0.8269230769230769 0.17548076923076922 0.2692307692307692
1 0.5240384615384616 0.38100961538461536 0.1875 0.21153846153846154
1 0.921875 0.5625 0.15384615384615385 0.27403846153846156
1 0.8533653846153846 0.6802884615384616 0.20673076923076922 0.22115384615384615
1 0.24278846153846154 0.4723557692307692 0.14182692307692307 0.1778846153846154
1 0.06971153846153846 0.5480769230769231 0.13942307692307693 0.1875
1 0.11538461538461539 0.8569711538461539 0.20192307692307693 0.2548076923076923
2 0.28846153846153844 0.21995192307692307 0.1971153846153846 0.23798076923076922
1 0.9423076923076923 0.3473557692307692 0.11298076923076923 0.20192307692307693
1 0.5012019230769231 0.9399038461538461 0.16346153846153846 0.11538461538461539
1 0.3245192307692308 0.8389423076923077 0.15144230769230768 0.20673076923076922