1 0.7632211538461539 0.7331730769230769 0.17548076923076922 0.27403846153846156
1 0.28125 0.4326923076923077 0.1875 0.23076923076923078
1 0.20432692307692307 0.2548076923076923 0.14903846153846154 0.23557692307692307
1 0.40865384615384615 0.3004807692307692 0.18509615384615385 0.24519230769230768
1 0.10336538461538461 0.7019230769230769 0.14903846153846154 0.2403846153846154
1 0.9134615384615384 0.7596153846153846 0.13942307692307693 0.22355769230769232
1 0.7536057692307693 0.3401442307692308 0.1658653846153846 0.22115384615384615
1 0.8617788461538461 0.5216346153846154 0.21153846153846154 0.1971153846153846
1 0.5673076923076923 0.06610576923076923 0.18269230769230768 0.13221153846153846
1 0.3317307692307692 0.8569711538461539 0.21634615384615385 0.2548076923076923
0 0.625 0.4495192307692308 0.06971153846153846 0.08413461538461539
0 0.16947115384615385 0.9519230769230769 0.0625 0.07451923076923077
2 0.5745192307692307 0.7139423076923077 0.27403846153846156 0.34615384615384615