1 0.6442307692307693 0.09615384615384616 0.21634615384615385 0.17307692307692307
1 0.8918269230769231 0.5180288461538461 0.21153846153846154 0.17548076923076922
1 0.8004807692307693 0.7283653846153846 0.23557692307692307 0.1778846153846154
1 0.42908653846153844 0.9302884615384616 0.23076923076923078 0.13701923076923078
1 0.4074519230769231 0.7692307692307693 0.20673076923076922 0.15625
1 0.5540865384615384 0.49399038461538464 0.22115384615384615 0.16826923076923078
1 0.3737980769230769 0.49759615384615385 0.2548076923076923 0.16826923076923078
1 0.23798076923076922 0.4098557692307692 0.19230769230769232 0.18509615384615385
1 0.10817307692307693 0.5420673076923077 0.21153846153846154 0.1875
1 0.5252403846153846 0.2824519230769231 0.28846153846153844 0.21875
1 0.6177884615384616 0.8233173076923077 0.24759615384615385 0.21394230769230768
1 0.7319711538461539 0.41947115384615385 0.21634615384615385 0.17307692307692307
2 0.14423076923076922 0.7800480769230769 0.28365384615384615 0.34134615384615385