1 0.2536057692307692 0.7764423076923077 0.18028846153846154 0.21634615384615385
1 0.44471153846153844 0.765625 0.1346153846153846 0.21634615384615385
1 0.5 0.0733173076923077 0.15384615384615385 0.14182692307692307
1 0.5420673076923077 0.49158653846153844 0.14423076923076922 0.2283653846153846
1 0.5685096153846154 0.7896634615384616 0.1201923076923077 0.1971153846153846
1 0.13581730769230768 0.3389423076923077 0.16105769230769232 0.2403846153846154
1 0.20192307692307693 0.15144230769230768 0.14903846153846154 0.18509615384615385
1 0.0673076923076923 0.07091346153846154 0.13221153846153846 0.13942307692307693
1 0.2800480769230769 0.04326923076923077 0.16105769230769232 0.08173076923076923
1 0.4170673076923077 0.2848557692307692 0.14903846153846154 0.18509615384615385
1 0.3293269230769231 0.34134615384615385 0.15384615384615385 0.22115384615384615
1 0.9146634615384616 0.09254807692307693 0.15865384615384615 0.18269230769230768
1 0.9459134615384616 0.31850961538461536 0.10576923076923077 0.25
2 0.7175480769230769 0.21754807692307693 0.3605769230769231 0.4326923076923077
0 0.23798076923076922 0.6502403846153846 0.0673076923076923 0.08413461538461539
0 0.03365384615384615 0.4170673076923077 0.06490384615384616 0.0889423076923077