1 0.6502403846153846 0.5973557692307693 0.18990384615384615 0.21634615384615385
1 0.8641826923076923 0.5264423076923077 0.19471153846153846 0.25721153846153844
1 0.7139423076923077 0.8233173076923077 0.16346153846153846 0.22115384615384615
1 0.8497596153846154 0.7451923076923077 0.16346153846153846 0.22115384615384615
1 0.057692307692307696 0.42427884615384615 0.11298076923076923 0.21153846153846154
1 0.21634615384615385 0.3016826923076923 0.15384615384615385 0.20432692307692307
1 0.5072115384615384 0.11177884615384616 0.19230769230769232 0.21875
1 0.796875 0.19951923076923078 0.1971153846153846 0.25240384615384615
1 0.7055288461538461 0.390625 0.12980769230769232 0.17307692307692307
1 0.055288461538461536 0.9014423076923077 0.10817307692307693 0.19230769230769232
2 0.18990384615384615 0.6526442307692307 0.3076923076923077 0.3798076923076923