1 0.6394230769230769 0.6466346153846154 0.20673076923076922 0.24519230769230768
1 0.47115384615384615 0.7211538461538461 0.1778846153846154 0.27163461538461536
1 0.31490384615384615 0.7608173076923077 0.16346153846153846 0.1778846153846154
1 0.27163461538461536 0.8341346153846154 0.18028846153846154 0.18509615384615385
1 0.0625 0.8990384615384616 0.125 0.1971153846153846
1 0.16947115384615385 0.2824519230769231 0.12980769230769232 0.2091346153846154
1 0.9146634615384616 0.4170673076923077 0.15865384615384615 0.23076923076923078
1 0.7788461538461539 0.8810096153846154 0.17307692307692307 0.21634615384615385
1 0.7704326923076923 0.21394230769230768 0.18269230769230768 0.2283653846153846
1 0.5360576923076923 0.1935096153846154 0.14903846153846154 0.19230769230769232
1 0.4543269230769231 0.14543269230769232 0.1466346153846154 0.20432692307692307
2 0.34615384615384615 0.47475961538461536 0.3317307692307692 0.4855769230769231