1 0.5132211538461539 0.6490384615384616 0.21634615384615385 0.15865384615384615
1 0.5576923076923077 0.3425480769230769 0.21634615384615385 0.15865384615384615
1 0.5925480769230769 0.25 0.21634615384615385 0.15865384615384615
1 0.8413461538461539 0.3245192307692308 0.24519230769230768 0.18028846153846154
1 0.6850961538461539 0.5288461538461539 0.24519230769230768 0.18028846153846154
1 0.8930288461538461 0.6658653846153846 0.2091346153846154 0.17307692307692307
1 0.9362980769230769 0.8341346153846154 0.125 0.1971153846153846
1 0.15625 0.7079326923076923 0.29086538461538464 0.20673076923076922
1 0.7127403846153846 0.9254807692307693 0.21875 0.14423076923076922
1 0.4543269230769231 0.09014423076923077 0.21634615384615385 0.15865384615384615
1 0.9242788461538461 0.4098557692307692 0.14903846153846154 0.1466346153846154
1 0.5793269230769231 0.84375 0.18990384615384615 0.17307692307692307
1 0.359375 0.9098557692307693 0.2091346153846154 0.17548076923076922
1 0.06971153846153846 0.8725961538461539 0.13942307692307693 0.1778846153846154
2 0.2860576923076923 0.5072115384615384 0.29086538461538464 0.27403846153846156