2 0.24759615384615385 0.24879807692307693 0.24519230769230768 0.1875
1 0.6538461538461539 0.6262019230769231 0.24519230769230768 0.16346153846153846
1 0.7199519230769231 0.49399038461538464 0.18990384615384615 0.16105769230769232
1 0.5408653846153846 0.5276442307692307 0.18990384615384615 0.16105769230769232
1 0.49038461538461536 0.5012019230769231 0.18990384615384615 0.16105769230769232
1 0.6021634615384616 0.09014423076923077 0.2548076923076923 0.16826923076923078
1 0.49158653846153844 0.06850961538461539 0.22115384615384615 0.1346153846153846
1 0.4423076923076923 0.18389423076923078 0.21875 0.1346153846153846
1 0.5036057692307693 0.23197115384615385 0.21875 0.1346153846153846
1 0.5216346153846154 0.29086538461538464 0.21875 0.1346153846153846
1 0.5661057692307693 0.36658653846153844 0.21875 0.1346153846153846
1 0.8221153846153846 0.11899038461538461 0.21875 0.1346153846153846
1 0.8365384615384616 0.18389423076923078 0.21875 0.1346153846153846
1 0.859375 0.3245192307692308 0.21875 0.1346153846153846
1 0.11177884615384616 0.7824519230769231 0.18509615384615385 0.13701923076923078
1 0.2403846153846154 0.9098557692307693 0.18509615384615385 0.13701923076923078
1 0.7487980769230769 0.9050480769230769 0.18509615384615385 0.13701923076923078
1 0.6105769230769231 0.8990384615384616 0.21153846153846154 0.15865384615384615
1 0.5372596153846154 0.8629807692307693 0.21153846153846154 0.15865384615384615
1 0.9098557692307693 0.8473557692307693 0.15865384615384615 0.15384615384615385
1 0.8942307692307693 0.7463942307692307 0.15865384615384615 0.15625
1 0.8557692307692307 0.7259615384615384 0.15865384615384615 0.15625
1 0.19110576923076922 0.07692307692307693 0.22115384615384615 0.14903846153846154
1 0.046875 0.4098557692307692 0.09134615384615384 0.1466346153846154
1 0.2536057692307692 0.6322115384615384 0.22115384615384615 0.1778846153846154
1 0.3870192307692308 0.6850961538461539 0.22115384615384615 0.1778846153846154
1 0.4230769230769231 0.7632211538461539 0.22115384615384615 0.1778846153846154
0 0.7211538461538461 0.7608173076923077 0.09615384615384616 0.0673076923076923
0 0.8293269230769231 0.4050480769230769 0.07932692307692307 0.052884615384615384
1 0.3798076923076923 0.9194711538461539 0.20673076923076922 0.15865384615384615