2 0.14423076923076922 0.2932692307692308 0.28846153846153844 0.42788461538461536
2 0.5709134615384616 0.2283653846153846 0.4519230769230769 0.4519230769230769
1 0.31009615384615385 0.41225961538461536 0.16826923076923078 0.2644230769230769
1 0.1466346153846154 0.5913461538461539 0.16826923076923078 0.23076923076923078
1 0.0889423076923077 0.7307692307692307 0.13942307692307693 0.19230769230769232
1 0.47475961538461536 0.5492788461538461 0.13942307692307693 0.19230769230769232
1 0.5336538461538461 0.5204326923076923 0.13942307692307693 0.19230769230769232
1 0.46153846153846156 0.7644230769230769 0.13942307692307693 0.19230769230769232
1 0.5276442307692307 0.7512019230769231 0.13942307692307693 0.19230769230769232
1 0.5805288461538461 0.7403846153846154 0.13942307692307693 0.19230769230769232
1 0.7848557692307693 0.9290865384615384 0.16105769230769232 0.13701923076923078
1 0.5661057692307693 0.9278846153846154 0.19471153846153846 0.13942307692307693
1 0.37259615384615385 0.9567307692307693 0.1875 0.08173076923076923
1 0.06009615384615385 0.9158653846153846 0.1201923076923077 0.16346153846153846
1 0.7319711538461539 0.7199519230769231 0.21875 0.23076923076923078
1 0.9387019230769231 0.36899038461538464 0.1201923076923077 0.24278846153846154
1 0.9471153846153846 0.5324519230769231 0.10096153846153846 0.19230769230769232
1 0.9435096153846154 0.7512019230769231 0.11057692307692307 0.1875