1 0.4411057692307692 0.20793269230769232 0.19471153846153846 0.16105769230769232
1 0.6610576923076923 0.14302884615384615 0.20192307692307693 0.14423076923076922
1 0.7716346153846154 0.05048076923076923 0.23317307692307693 0.09615384615384616
1 0.8701923076923077 0.17307692307692307 0.20673076923076922 0.1778846153846154
1 0.7752403846153846 0.9038461538461539 0.20673076923076922 0.15384615384615385
1 0.9290865384615384 0.9098557692307693 0.14182692307692307 0.17548076923076922
1 0.7247596153846154 0.7487980769230769 0.2692307692307692 0.20673076923076922
1 0.4110576923076923 0.7019230769230769 0.24519230769230768 0.16346153846153846
1 0.08774038461538461 0.9435096153846154 0.17548076923076922 0.10817307692307693
1 0.1814903846153846 0.7139423076923077 0.20192307692307693 0.17067307692307693
1 0.9519230769230769 0.5925480769230769 0.09134615384615384 0.14423076923076922
1 0.19471153846153846 0.8149038461538461 0.2692307692307692 0.16346153846153846
1 0.5456730769230769 0.046875 0.20673076923076922 0.09134615384615384
1 0.5733173076923077 0.5973557692307693 0.19471153846153846 0.16105769230769232
2 0.32091346153846156 0.49038461538461536 0.5096153846153846 0.40865384615384615