2 0.38100961538461536 0.6947115384615384 0.3605769230769231 0.3004807692307692
1 0.45913461538461536 0.8822115384615384 0.25961538461538464 0.1346153846153846
1 0.7860576923076923 0.27884615384615385 0.24519230769230768 0.16346153846153846
1 0.8221153846153846 0.09615384615384616 0.24519230769230768 0.16346153846153846
1 0.8569711538461539 0.1971153846153846 0.24519230769230768 0.16346153846153846
1 0.9194711538461539 0.5600961538461539 0.15865384615384615 0.1875
1 0.9194711538461539 0.7103365384615384 0.15865384615384615 0.1875
1 0.859375 0.7235576923076923 0.17307692307692307 0.18509615384615385
1 0.41225961538461536 0.33774038461538464 0.1971153846153846 0.16346153846153846
1 0.5096153846153846 0.14783653846153846 0.1971153846153846 0.16346153846153846
1 0.5420673076923077 0.4375 0.24278846153846154 0.2091346153846154
1 0.19591346153846154 0.09975961538461539 0.19951923076923078 0.13221153846153846
1 0.3954326923076923 0.9615384615384616 0.2860576923076923 0.07211538461538461
1 0.09735576923076923 0.7560096153846154 0.19230769230769232 0.2403846153846154
1 0.6177884615384616 0.578125 0.18028846153846154 0.13701923076923078
1 0.6959134615384616 0.6694711538461539 0.1971153846153846 0.16826923076923078
1 0.375 0.4230769230769231 0.1971153846153846 0.16346153846153846