1 0.6971153846153846 0.6983173076923077 0.21153846153846154 0.18269230769230768
1 0.24519230769230768 0.8317307692307693 0.24278846153846154 0.21875
1 0.16105769230769232 0.5745192307692307 0.2692307692307692 0.16826923076923078
1 0.5925480769230769 0.08774038461538461 0.25961538461538464 0.17307692307692307
1 0.5384615384615384 0.18269230769230768 0.28365384615384615 0.19230769230769232
1 0.2536057692307692 0.35216346153846156 0.2644230769230769 0.1778846153846154
1 0.828125 0.30649038461538464 0.25 0.20432692307692307
1 0.7896634615384616 0.45913461538461536 0.20192307692307693 0.20192307692307693
1 0.8942307692307693 0.13341346153846154 0.20673076923076922 0.22596153846153846
1 0.9098557692307693 0.6923076923076923 0.1778846153846154 0.19951923076923078
1 0.09254807692307693 0.9230769230769231 0.18509615384615385 0.14903846153846154
1 0.16947115384615385 0.11177884615384616 0.2644230769230769 0.20192307692307693
1 0.6598557692307693 0.9074519230769231 0.22115384615384615 0.16346153846153846
1 0.4375 0.9579326923076923 0.25240384615384615 0.07932692307692307
1 0.4639423076923077 0.8137019230769231 0.2548076923076923 0.25961538461538464
2 0.49038461538461536 0.5036057692307693 0.46634615384615385 0.43509615384615385
0 0.90625 0.5432692307692307 0.10096153846153846 0.0673076923076923
0 0.20432692307692307 0.23557692307692307 0.10817307692307693 0.09134615384615384