1 0.8942307692307693 0.7067307692307693 0.15384615384615385 0.1971153846153846
1 0.4495192307692308 0.828125 0.19471153846153846 0.22115384615384615
1 0.09495192307692307 0.5228365384615384 0.1875 0.2692307692307692
1 0.15504807692307693 0.1778846153846154 0.19230769230769232 0.2668269230769231
1 0.28725961538461536 0.078125 0.17548076923076922 0.15625
1 0.41225961538461536 0.6153846153846154 0.16346153846153846 0.1971153846153846
1 0.24879807692307693 0.6778846153846154 0.21394230769230768 0.21634615384615385
1 0.0673076923076923 0.8197115384615384 0.13221153846153846 0.21634615384615385
1 0.9266826923076923 0.90625 0.14423076923076922 0.18269230769230768
1 0.8173076923076923 0.14543269230769232 0.16346153846153846 0.23557692307692307
1 0.6814903846153846 0.5108173076923077 0.20432692307692307 0.24519230769230768
1 0.7283653846153846 0.7632211538461539 0.18269230769230768 0.19951923076923078