1 0.5204326923076923 0.8605769230769231 0.23076923076923078 0.21634615384615385
1 0.5949519230769231 0.6310096153846154 0.18269230769230768 0.13701923076923078
1 0.8004807692307693 0.703125 0.18509615384615385 0.16346153846153846
1 0.390625 0.44591346153846156 0.19230769230769232 0.16346153846153846
1 0.08413461538461539 0.7415865384615384 0.16826923076923078 0.1658653846153846
1 0.16466346153846154 0.40024038461538464 0.19230769230769232 0.16346153846153846
1 0.7463942307692307 0.4230769230769231 0.19230769230769232 0.16346153846153846
1 0.7307692307692307 0.8894230769230769 0.19471153846153846 0.16826923076923078
1 0.9206730769230769 0.8786057692307693 0.15384615384615385 0.1658653846153846
1 0.5480769230769231 0.06490384615384616 0.17307692307692307 0.12980769230769232
2 0.3713942307692308 0.15144230769230768 0.24519230769230768 0.23076923076923078