1 0.2608173076923077 0.35336538461538464 0.23557692307692307 0.19230769230769232
1 0.27524038461538464 0.08052884615384616 0.21875 0.15865384615384615
1 0.7932692307692307 0.7740384615384616 0.21634615384615385 0.16346153846153846
1 0.7463942307692307 0.6983173076923077 0.21634615384615385 0.16346153846153846
1 0.6370192307692307 0.6141826923076923 0.2692307692307692 0.1778846153846154
1 0.5889423076923077 0.38822115384615385 0.23798076923076922 0.1971153846153846
1 0.9002403846153846 0.2247596153846154 0.19471153846153846 0.17067307692307693
1 0.7872596153846154 0.3762019230769231 0.21394230769230768 0.1778846153846154
1 0.9098557692307693 0.5745192307692307 0.17548076923076922 0.1778846153846154
1 0.3545673076923077 0.5168269230769231 0.19230769230769232 0.14903846153846154
1 0.22355769230769232 0.53125 0.19230769230769232 0.15865384615384615
1 0.11899038461538461 0.53125 0.19230769230769232 0.15865384615384615
1 0.09615384615384616 0.7175480769230769 0.1875 0.15865384615384615
1 0.26322115384615385 0.19471153846153846 0.23798076923076922 0.16346153846153846
2 0.24639423076923078 0.8762019230769231 0.3894230769230769 0.24519230769230768
0 0.35216346153846156 0.7379807692307693 0.07692307692307693 0.06009615384615385
0 0.9447115384615384 0.4098557692307692 0.09134615384615384 0.052884615384615384