1 0.8557692307692307 0.34615384615384615 0.1875 0.24278846153846154
1 0.8533653846153846 0.5865384615384616 0.1875 0.24278846153846154
1 0.07451923076923077 0.8185096153846154 0.14903846153846154 0.24759615384615385
1 0.78125 0.7944711538461539 0.1658653846153846 0.20192307692307693
1 0.4266826923076923 0.21875 0.1658653846153846 0.20192307692307693
1 0.04927884615384615 0.06971153846153846 0.0985576923076923 0.13942307692307693
1 0.5793269230769231 0.6694711538461539 0.1658653846153846 0.16826923076923078
1 0.2860576923076923 0.6502403846153846 0.1658653846153846 0.16826923076923078
1 0.41346153846153844 0.39903846153846156 0.1658653846153846 0.16826923076923078
1 0.6081730769230769 0.0829326923076923 0.16826923076923078 0.1658653846153846
1 0.3557692307692308 0.8533653846153846 0.16826923076923078 0.18990384615384615
1 0.17908653846153846 0.3137019230769231 0.16826923076923078 0.18990384615384615
1 0.7067307692307693 0.3425480769230769 0.17307692307692307 0.23076923076923078
1 0.6550480769230769 0.8918269230769231 0.19230769230769232 0.21153846153846154
1 0.4014423076923077 0.6814903846153846 0.1201923076923077 0.15625
2 0.08533653846153846 0.5540865384615384 0.17067307692307693 0.2548076923076923
0 0.8569711538461539 0.6694711538461539 0.04326923076923077 0.057692307692307696