2 0.8425480769230769 0.453125 0.31009615384615385 0.29086538461538464
1 0.5516826923076923 0.5733173076923077 0.20673076923076922 0.14903846153846154
1 0.29927884615384615 0.3942307692307692 0.22115384615384615 0.16826923076923078
1 0.25961538461538464 0.5985576923076923 0.22115384615384615 0.16826923076923078
1 0.2932692307692308 0.9170673076923077 0.27403846153846156 0.16105769230769232
1 0.6490384615384616 0.6935096153846154 0.2668269230769231 0.17307692307692307
1 0.6959134615384616 0.9483173076923077 0.2620192307692308 0.0985576923076923
1 0.5420673076923077 0.9375 0.19471153846153846 0.1201923076923077
1 0.41586538461538464 0.8028846153846154 0.1875 0.1346153846153846
1 0.07572115384615384 0.7079326923076923 0.14903846153846154 0.19230769230769232
1 0.4483173076923077 0.6598557692307693 0.22115384615384615 0.16826923076923078
1 0.9435096153846154 0.7367788461538461 0.10817307692307693 0.17067307692307693
1 0.9519230769230769 0.6346153846153846 0.09134615384615384 0.1346153846153846
1 0.5685096153846154 0.296875 0.21634615384615385 0.16826923076923078
1 0.5372596153846154 0.24158653846153846 0.15625 0.10576923076923077
1 0.53125 0.056490384615384616 0.2283653846153846 0.11057692307692307
1 0.43028846153846156 0.07211538461538461 0.22596153846153846 0.13942307692307693
1 0.12740384615384615 0.056490384615384616 0.25 0.11057692307692307
1 0.9050480769230769 0.056490384615384616 0.1875 0.11057692307692307
1 0.7692307692307693 0.16105769230769232 0.28846153846153844 0.1971153846153846
1 0.7608173076923077 0.29086538461538464 0.23076923076923078 0.18990384615384615
1 0.1935096153846154 0.4807692307692308 0.2644230769230769 0.19951923076923078