2 0.5096153846153846 0.4483173076923077 0.47115384615384615 0.35096153846153844
1 0.2091346153846154 0.7019230769230769 0.23557692307692307 0.18028846153846154
1 0.10576923076923077 0.7740384615384616 0.20673076923076922 0.18028846153846154
1 0.17668269230769232 0.9350961538461539 0.23798076923076922 0.125
1 0.421875 0.7824519230769231 0.23076923076923078 0.21634615384615385
1 0.6502403846153846 0.7403846153846154 0.23076923076923078 0.21634615384615385
1 0.6586538461538461 0.15384615384615385 0.23076923076923078 0.21634615384615385
1 0.6899038461538461 0.08052884615384616 0.20673076923076922 0.15865384615384615
1 0.42908653846153844 0.078125 0.25240384615384615 0.15384615384615385
1 0.1935096153846154 0.16947115384615385 0.25 0.18269230769230768
1 0.18870192307692307 0.375 0.25 0.20432692307692307
1 0.17067307692307693 0.5012019230769231 0.25 0.20432692307692307
1 0.07211538461538461 0.48677884615384615 0.13942307692307693 0.20192307692307693
1 0.6586538461538461 0.9074519230769231 0.22596153846153846 0.18028846153846154
1 0.9050480769230769 0.07091346153846154 0.18509615384615385 0.14182692307692307
0 0.9350961538461539 0.2824519230769231 0.08653846153846154 0.07211538461538461
0 0.8581730769230769 0.18269230769230768 0.08653846153846154 0.07211538461538461
0 0.5072115384615384 0.90625 0.08653846153846154 0.07211538461538461