1 0.8185096153846154 0.10096153846153846 0.28846153846153844 0.19230769230769232
1 0.8954326923076923 0.5865384615384616 0.20432692307692307 0.19230769230769232
1 0.6526442307692307 0.9050480769230769 0.25961538461538464 0.1875
1 0.4326923076923077 0.8737980769230769 0.23798076923076922 0.21153846153846154
1 0.17548076923076922 0.9591346153846154 0.28365384615384615 0.07692307692307693
1 0.17908653846153846 0.8425480769230769 0.25961538461538464 0.15625
1 0.10817307692307693 0.6598557692307693 0.21634615384615385 0.21394230769230768
1 0.3125 0.6682692307692307 0.20673076923076922 0.1971153846153846
1 0.2704326923076923 0.43509615384615385 0.20673076923076922 0.1971153846153846
1 0.5456730769230769 0.6875 0.22115384615384615 0.16105769230769232
1 0.9290865384615384 0.8413461538461539 0.13701923076923078 0.16826923076923078
1 0.9435096153846154 0.37740384615384615 0.10817307692307693 0.17067307692307693
1 0.7920673076923077 0.3161057692307692 0.21153846153846154 0.1875
1 0.3449519230769231 0.09615384615384616 0.25 0.19230769230769232
2 0.5901442307692307 0.49759615384615385 0.5096153846153846 0.3557692307692308