1 0.14302884615384615 0.35336538461538464 0.16346153846153846 0.2620192307692308
1 0.16346153846153846 0.7632211538461539 0.16346153846153846 0.2620192307692308
1 0.31490384615384615 0.30288461538461536 0.16346153846153846 0.2620192307692308
1 0.8257211538461539 0.20432692307692307 0.18269230769230768 0.25721153846153844
1 0.40865384615384615 0.5829326923076923 0.17307692307692307 0.24519230769230768
1 0.4206730769230769 0.7908653846153846 0.1778846153846154 0.19230769230769232
1 0.9326923076923077 0.3894230769230769 0.13221153846153846 0.20673076923076922
1 0.45072115384615385 0.09495192307692307 0.18990384615384615 0.18509615384615385
1 0.2956730769230769 0.07572115384615384 0.16346153846153846 0.14903846153846154
1 0.640625 0.6286057692307693 0.2091346153846154 0.2091346153846154
1 0.5649038461538461 0.9146634615384616 0.18269230769230768 0.16826923076923078
2 0.5901442307692307 0.328125 0.3798076923076923 0.4495192307692308
0 0.9507211538461539 0.24158653846153846 0.052884615384615384 0.08653846153846154