1 0.1141826923076923 0.296875 0.17307692307692307 0.23317307692307693
1 0.7367788461538461 0.6346153846153846 0.1971153846153846 0.23076923076923078
1 0.7512019230769231 0.890625 0.19951923076923078 0.21634615384615385
1 0.9278846153846154 0.1045673076923077 0.14182692307692307 0.2091346153846154
1 0.6141826923076923 0.41225961538461536 0.14903846153846154 0.20432692307692307
1 0.8040865384615384 0.24278846153846154 0.17307692307692307 0.21394230769230768
1 0.234375 0.5769230769230769 0.17307692307692307 0.21394230769230768
1 0.14302884615384615 0.6069711538461539 0.19230769230769232 0.22596153846153846
1 0.3245192307692308 0.22716346153846154 0.16826923076923078 0.22596153846153846
1 0.6850961538461539 0.4254807692307692 0.14182692307692307 0.18269230769230768
2 0.28846153846153844 0.890625 0.27403846153846156 0.21634615384615385
2 0.45913461538461536 0.703125 0.3605769230769231 0.5216346153846154