1 0.34134615384615385 0.6838942307692307 0.21153846153846154 0.19471153846153846
1 0.6862980769230769 0.5288461538461539 0.27163461538461536 0.18990384615384615
1 0.5168269230769231 0.7896634615384616 0.25 0.1778846153846154
1 0.8209134615384616 0.28966346153846156 0.21394230769230768 0.21394230769230768
1 0.3581730769230769 0.055288461538461536 0.30528846153846156 0.11057692307692307
1 0.12740384615384615 0.6057692307692307 0.24519230769230768 0.20673076923076922
1 0.12379807692307693 0.7764423076923077 0.24278846153846154 0.13942307692307693
1 0.6730769230769231 0.9242788461538461 0.2644230769230769 0.14903846153846154
1 0.3701923076923077 0.9314903846153846 0.23317307692307693 0.1346153846153846
1 0.09014423076923077 0.9326923076923077 0.17548076923076922 0.12980769230769232
1 0.8942307692307693 0.5709134615384616 0.20673076923076922 0.18990384615384615
0 0.3545673076923077 0.8173076923076923 0.0673076923076923 0.04807692307692308
0 0.5012019230769231 0.6442307692307693 0.10096153846153846 0.08413461538461539
2 0.37259615384615385 0.4254807692307692 0.37259615384615385 0.3125