1 0.6069711538461539 0.08173076923076923 0.14423076923076922 0.15865384615384615
1 0.27524038461538464 0.12379807692307693 0.1658653846153846 0.21634615384615385
1 0.07572115384615384 0.17548076923076922 0.1466346153846154 0.22115384615384615
1 0.19591346153846154 0.3233173076923077 0.1658653846153846 0.21634615384615385
1 0.10817307692307693 0.9194711538461539 0.17307692307692307 0.15625
1 0.34375 0.8954326923076923 0.19471153846153846 0.20673076923076922
1 0.5408653846153846 0.8882211538461539 0.16826923076923078 0.21875
1 0.9302884615384616 0.9411057692307693 0.13942307692307693 0.11298076923076923
1 0.9302884615384616 0.6850961538461539 0.1346153846153846 0.23557692307692307
1 0.9399038461538461 0.10697115384615384 0.11778846153846154 0.20673076923076922
1 0.671875 0.29086538461538464 0.20673076923076922 0.25
1 0.5817307692307693 0.4879807692307692 0.20673076923076922 0.25
1 0.12740384615384615 0.5733173076923077 0.18269230769230768 0.20432692307692307
1 0.4074519230769231 0.36778846153846156 0.20432692307692307 0.24519230769230768
2 0.7079326923076923 0.7283653846153846 0.3557692307692308 0.43509615384615385