1 0.3233173076923077 0.4831730769230769 0.16346153846153846 0.22596153846153846
1 0.4026442307692308 0.46033653846153844 0.16826923076923078 0.28125
1 0.13221153846153846 0.4254807692307692 0.19230769230769232 0.24519230769230768
1 0.078125 0.21875 0.15384615384615385 0.21634615384615385
1 0.6021634615384616 0.44350961538461536 0.1778846153846154 0.2403846153846154
1 0.9098557692307693 0.6802884615384616 0.14903846153846154 0.21153846153846154
1 0.9242788461538461 0.19591346153846154 0.1466346153846154 0.21875
1 0.09735576923076923 0.875 0.14423076923076922 0.18269230769230768
1 0.5709134615384616 0.6610576923076923 0.14423076923076922 0.19471153846153846
1 0.828125 0.125 0.1971153846153846 0.24519230769230768
1 0.5192307692307693 0.140625 0.20432692307692307 0.21875
2 0.38341346153846156 0.8209134615384616 0.36778846153846156 0.3557692307692308