1 0.109375 0.42908653846153844 0.15865384615384615 0.22115384615384615
1 0.27884615384615385 0.4110576923076923 0.15865384615384615 0.22115384615384615
1 0.17067307692307693 0.6490384615384616 0.15865384615384615 0.22115384615384615
1 0.06129807692307692 0.6538461538461539 0.12259615384615384 0.21634615384615385
1 0.49278846153846156 0.5276442307692307 0.15384615384615385 0.21153846153846154
1 0.3581730769230769 0.6262019230769231 0.20192307692307693 0.1971153846153846
1 0.30649038461538464 0.7896634615384616 0.18990384615384615 0.15865384615384615
1 0.13822115384615385 0.9134615384615384 0.18990384615384615 0.16826923076923078
1 0.8389423076923077 0.7740384615384616 0.2091346153846154 0.23317307692307693
1 0.6478365384615384 0.921875 0.20432692307692307 0.15384615384615385
1 0.4699519230769231 0.7439903846153846 0.16346153846153846 0.22115384615384615
1 0.75 0.4891826923076923 0.16826923076923078 0.2548076923076923
1 0.84375 0.5360576923076923 0.16826923076923078 0.22115384615384615
1 0.18028846153846154 0.10697115384615384 0.15865384615384615 0.2091346153846154
1 0.6742788461538461 0.265625 0.15865384615384615 0.22115384615384615
2 0.4495192307692308 0.1971153846153846 0.3701923076923077 0.3894230769230769