2 0.3473557692307692 0.7788461538461539 0.2620192307692308 0.22596153846153846
2 0.8197115384615384 0.10817307692307693 0.3557692307692308 0.21153846153846154
0 0.19471153846153846 0.703125 0.08413461538461539 0.055288461538461536
0 0.9663461538461539 0.8882211538461539 0.0625 0.057692307692307696
1 0.8028846153846154 0.8846153846153846 0.21153846153846154 0.20432692307692307
1 0.8353365384615384 0.7403846153846154 0.21153846153846154 0.20432692307692307
1 0.5733173076923077 0.7740384615384616 0.21153846153846154 0.20432692307692307
1 0.5408653846153846 0.8629807692307693 0.21153846153846154 0.20432692307692307
1 0.7079326923076923 0.32211538461538464 0.21153846153846154 0.20432692307692307
1 0.4699519230769231 0.3557692307692308 0.21153846153846154 0.20432692307692307
1 0.1935096153846154 0.4362980769230769 0.21153846153846154 0.20432692307692307
1 0.28125 0.26802884615384615 0.22355769230769232 0.15144230769230768
1 0.109375 0.9254807692307693 0.21875 0.14423076923076922
1 0.31009615384615385 0.9435096153846154 0.22596153846153846 0.10817307692307693
1 0.22235576923076922 0.054086538461538464 0.2548076923076923 0.10576923076923077
1 0.3870192307692308 0.10576923076923077 0.2548076923076923 0.1875