1 0.25600961538461536 0.4567307692307692 0.1971153846153846 0.24519230769230768
1 0.5612980769230769 0.12860576923076922 0.1778846153846154 0.18028846153846154
1 0.8677884615384616 0.8942307692307693 0.18269230769230768 0.20673076923076922
1 0.7283653846153846 0.4026442307692308 0.1778846153846154 0.20673076923076922
1 0.3389423076923077 0.6418269230769231 0.1778846153846154 0.20673076923076922
1 0.9170673076923077 0.5949519230769231 0.16105769230769232 0.23798076923076922
1 0.5324519230769231 0.6418269230769231 0.1778846153846154 0.20673076923076922
1 0.08774038461538461 0.7824519230769231 0.17307692307692307 0.21153846153846154
1 0.26802884615384615 0.9182692307692307 0.15625 0.15865384615384615
1 0.9290865384615384 0.27283653846153844 0.13701923076923078 0.20432692307692307
2 0.5060096153846154 0.3762019230769231 0.20192307692307693 0.3076923076923077
0 0.8918269230769231 0.15625 0.04326923076923077 0.057692307692307696
0 0.8665865384615384 0.04927884615384615 0.040865384615384616 0.08653846153846154