1 0.5372596153846154 0.25841346153846156 0.23798076923076922 0.23557692307692307
1 0.30408653846153844 0.34375 0.2644230769230769 0.20673076923076922
1 0.10817307692307693 0.46634615384615385 0.21153846153846154 0.1778846153846154
1 0.2127403846153846 0.6310096153846154 0.25 0.1658653846153846
1 0.39663461538461536 0.6911057692307693 0.25 0.1658653846153846
1 0.29447115384615385 0.8449519230769231 0.24519230769230768 0.15384615384615385
1 0.6237980769230769 0.7367788461538461 0.20192307692307693 0.21875
1 0.7800480769230769 0.6057692307692307 0.21634615384615385 0.15144230769230768
1 0.8269230769230769 0.29447115384615385 0.19230769230769232 0.17307692307692307
1 0.06971153846153846 0.20673076923076922 0.1346153846153846 0.17067307692307693
2 0.8798076923076923 0.7740384615384616 0.23557692307692307 0.38461538461538464