1 0.35336538461538464 0.06610576923076923 0.23076923076923078 0.12740384615384615
1 0.8701923076923077 0.41466346153846156 0.23798076923076922 0.18269230769230768
1 0.27403846153846156 0.31850961538461536 0.2403846153846154 0.15865384615384615
1 0.07211538461538461 0.18509615384615385 0.13942307692307693 0.1346153846153846
1 0.8653846153846154 0.9242788461538461 0.22596153846153846 0.14903846153846154
1 0.7271634615384616 0.71875 0.18990384615384615 0.1466346153846154
1 0.4110576923076923 0.47475961538461536 0.21634615384615385 0.18269230769230768
1 0.2644230769230769 0.5084134615384616 0.21634615384615385 0.18269230769230768
1 0.4951923076923077 0.20673076923076922 0.24519230769230768 0.17548076923076922
1 0.5432692307692307 0.32091346153846156 0.24519230769230768 0.17548076923076922
1 0.8810096153846154 0.3125 0.23317307692307693 0.1778846153846154
1 0.14903846153846154 0.6033653846153846 0.15144230769230768 0.16346153846153846
1 0.6694711538461539 0.06610576923076923 0.19471153846153846 0.12740384615384615
2 0.31490384615384615 0.8004807692307693 0.4951923076923077 0.3942307692307692