1 0.10096153846153846 0.5204326923076923 0.1971153846153846 0.2283653846153846
1 0.6754807692307693 0.7620192307692307 0.20673076923076922 0.19471153846153846
1 0.5757211538461539 0.9483173076923077 0.20673076923076922 0.10096153846153846
1 0.5240384615384616 0.5504807692307693 0.21153846153846154 0.14903846153846154
1 0.09975961538461539 0.34134615384615385 0.19471153846153846 0.14423076923076922
1 0.31850961538461536 0.42427884615384615 0.1875 0.13942307692307693
1 0.9194711538461539 0.1310096153846154 0.15625 0.19951923076923078
1 0.43028846153846156 0.2512019230769231 0.1875 0.15625
1 0.3762019230769231 0.9423076923076923 0.19230769230769232 0.11298076923076923
1 0.17908653846153846 0.9555288461538461 0.19230769230769232 0.08653846153846154
1 0.5204326923076923 0.6550480769230769 0.16346153846153846 0.12980769230769232
2 0.7956730769230769 0.4543269230769231 0.28125 0.23317307692307693
0 0.5865384615384616 0.44711538461538464 0.0625 0.04807692307692308
0 0.5300480769230769 0.8569711538461539 0.0625 0.04807692307692308