1 0.16826923076923078 0.4206730769230769 0.15384615384615385 0.20192307692307693
1 0.04567307692307692 0.4230769230769231 0.08653846153846154 0.25
1 0.41466346153846156 0.4495192307692308 0.20192307692307693 0.23557692307692307
1 0.7608173076923077 0.8257211538461539 0.16826923076923078 0.19230769230769232
1 0.9182692307692307 0.8653846153846154 0.16105769230769232 0.23076923076923078
1 0.7776442307692307 0.5769230769230769 0.1658653846153846 0.23076923076923078
1 0.8966346153846154 0.3125 0.20192307692307693 0.24278846153846154
1 0.7944711538461539 0.11538461538461539 0.16826923076923078 0.23076923076923078
1 0.6310096153846154 0.41225961538461536 0.1658653846153846 0.23076923076923078
1 0.3389423076923077 0.8125 0.17307692307692307 0.2932692307692308
1 0.1658653846153846 0.7451923076923077 0.16346153846153846 0.22115384615384615
1 0.18269230769230768 0.5276442307692307 0.16346153846153846 0.22115384615384615
1 0.26802884615384615 0.12620192307692307 0.12259615384615384 0.19471153846153846
1 0.5612980769230769 0.19110576923076922 0.14903846153846154 0.19951923076923078
1 0.6394230769230769 0.057692307692307696 0.1778846153846154 0.11057692307692307
1 0.11298076923076923 0.22956730769230768 0.14903846153846154 0.19951923076923078
1 0.18028846153846154 0.8786057692307693 0.18509615384615385 0.1971153846153846
2 0.5492788461538461 0.8689903846153846 0.34615384615384615 0.25721153846153844