1 0.4519230769230769 0.8954326923076923 0.24278846153846154 0.20673076923076922
1 0.23317307692307693 0.9290865384615384 0.21634615384615385 0.13942307692307693
1 0.5612980769230769 0.2536057692307692 0.19230769230769232 0.21875
1 0.27524038461538464 0.28725961538461536 0 0
1 0.44350961538461536 0.5120192307692307 0.23798076923076922 0.19951923076923078
1 0.8701923076923077 0.9266826923076923 0.25961538461538464 0.14182692307692307
1 0.8918269230769231 0.12259615384615384 0.20673076923076922 0.16826923076923078
1 0.8209134615384616 0.2620192307692308 0.27403846153846156 0.11538461538461539
1 0.15264423076923078 0.6237980769230769 0.2644230769230769 0.15144230769230768
0 0.14903846153846154 0.03365384615384615 0.11057692307692307 0.0673076923076923
0 0.49399038461538464 0.14182692307692307 0.11057692307692307 0.08173076923076923
2 0.8305288461538461 0.49399038461538464 0.33413461538461536 0.40625