1 0.16826923076923078 0.33533653846153844 0.1971153846153846 0.2620192307692308
1 0.2512019230769231 0.6586538461538461 0.17548076923076922 0.2644230769230769
1 0.7608173076923077 0.38341346153846156 0.14903846153846154 0.22355769230769232
1 0.4795673076923077 0.13341346153846154 0.15144230769230768 0.22355769230769232
1 0.18870192307692307 0.09615384615384616 0.1658653846153846 0.1875
1 0.9314903846153846 0.6923076923076923 0.13221153846153846 0.22596153846153846
1 0.6862980769230769 0.5865384615384616 0.16346153846153846 0.22115384615384615
1 0.7764423076923077 0.7475961538461539 0.18269230769230768 0.21153846153846154
1 0.5961538461538461 0.765625 0.18269230769230768 0.21153846153846154
1 0.078125 0.6923076923076923 0.15384615384615385 0.21634615384615385
1 0.31009615384615385 0.203125 0.15625 0.21634615384615385
1 0.7860576923076923 0.8810096153846154 0.14903846153846154 0.15865384615384615
1 0.9086538461538461 0.12139423076923077 0.1778846153846154 0.22355769230769232
1 0.6310096153846154 0.32211538461538464 0.11298076923076923 0.2860576923076923
1 0.38822115384615385 0.8485576923076923 0.1658653846153846 0.22115384615384615
1 0.9182692307692307 0.4543269230769231 0.15865384615384615 0.22596153846153846
1 0.08173076923076923 0.9158653846153846 0.16105769230769232 0.16346153846153846
0 0.2800480769230769 0.9423076923076923 0.09134615384615384 0.11057692307692307
0 0.515625 0.8545673076923077 0.057692307692307696 0.04807692307692308
2 0.4567307692307692 0.4987980769230769 0.3894230769230769 0.46634615384615385