1 0.2932692307692308 0.6838942307692307 0.14903846153846154 0.22115384615384615
1 0.20432692307692307 0.8918269230769231 0.15384615384615385 0.20673076923076922
1 0.46634615384615385 0.9026442307692307 0.14903846153846154 0.19230769230769232
1 0.6598557692307693 0.8810096153846154 0.14903846153846154 0.1971153846153846
1 0.9326923076923077 0.6814903846153846 0.12980769230769232 0.1778846153846154
1 0.9134615384615384 0.24158653846153846 0.1658653846153846 0.20192307692307693
1 0.38100961538461536 0.3088942307692308 0.1658653846153846 0.20192307692307693
1 0.1658653846153846 0.11658653846153846 0.1658653846153846 0.20192307692307693
1 0.6165865384615384 0.6298076923076923 0.1971153846153846 0.20432692307692307
1 0.390625 0.17908653846153846 0.15865384615384615 0.18269230769230768
1 0.28125 0.46153846153846156 0.18990384615384615 0.2692307692307692
2 0.5961538461538461 0.33533653846153844 0.2980769230769231 0.38461538461538464