1 0.5709134615384616 0.234375 0.1778846153846154 0.2283653846153846
1 0.7632211538461539 0.28125 0.20432692307692307 0.2403846153846154
1 0.7391826923076923 0.08533653846153846 0.21394230769230768 0.1658653846153846
1 0.5456730769230769 0.5372596153846154 0.20673076923076922 0.23557692307692307
1 0.30408653846153844 0.7836538461538461 0.20673076923076922 0.23557692307692307
1 0.48197115384615385 0.8173076923076923 0.15865384615384615 0.21634615384615385
1 0.6069711538461539 0.7415865384615384 0.16346153846153846 0.1971153846153846
1 0.9242788461538461 0.9002403846153846 0.1466346153846154 0.19471153846153846
1 0.9254807692307693 0.6622596153846154 0.1466346153846154 0.22596153846153846
1 0.7956730769230769 0.5168269230769231 0.1778846153846154 0.2548076923076923
1 0.33533653846153844 0.09975961538461539 0.18028846153846154 0.1971153846153846
1 0.21394230769230768 0.24519230769230768 0.18028846153846154 0.2403846153846154
1 0.20432692307692307 0.47475961538461536 0.18028846153846154 0.2403846153846154
2 0.3786057692307692 0.36899038461538464 0.19230769230769232 0.27163461538461536
0 0.009615384615384616 0.9230769230769231 0.019230769230769232 0.09134615384615384