1 0.8930288461538461 0.20552884615384615 0.19230769230769232 0.17548076923076922
1 0.6754807692307693 0.2776442307692308 0.20192307692307693 0.17067307692307693
1 0.06850961538461539 0.2091346153846154 0.1346153846153846 0.23076923076923078
1 0.20432692307692307 0.5036057692307693 0.25961538461538464 0.16826923076923078
1 0.6310096153846154 0.46634615384615385 0.20192307692307693 0.1778846153846154
1 0.4579326923076923 0.08173076923076923 0.25961538461538464 0.15865384615384615
1 0.3449519230769231 0.15264423076923078 0.21153846153846154 0.1971153846153846
1 0.5444711538461539 0.7355769230769231 0.17067307692307693 0.1346153846153846
1 0.4699519230769231 0.9158653846153846 0.18509615384615385 0.16346153846153846
1 0.17548076923076922 0.8569711538461539 0.24519230769230768 0.19230769230769232
2 0.7860576923076923 0.6923076923076923 0.22596153846153846 0.18990384615384615
1 0.6634615384615384 0.0625 0.19230769230769232 0.1201923076923077
1 0.07692307692307693 0.4891826923076923 0.14903846153846154 0.15384615384615385
1 0.19230769230769232 0.6586538461538461 0.1971153846153846 0.14423076923076922