1 0.5132211538461539 0.19591346153846154 0.20673076923076922 0.1778846153846154
1 0.6009615384615384 0.27884615384615385 0.20673076923076922 0.1778846153846154
1 0.17908653846153846 0.3425480769230769 0.20673076923076922 0.1778846153846154
1 0.2692307692307692 0.10576923076923077 0.23798076923076922 0.1875
1 0.2512019230769231 0.18870192307692307 0.22115384615384615 0.16105769230769232
1 0.4519230769230769 0.6430288461538461 0.20673076923076922 0.1778846153846154
1 0.8497596153846154 0.4807692307692308 0.20673076923076922 0.1778846153846154
1 0.7415865384615384 0.0889423076923077 0.2091346153846154 0.17307692307692307
1 0.15985576923076922 0.5576923076923077 0.20673076923076922 0.1778846153846154
1 0.1875 0.8834134615384616 0.20673076923076922 0.18028846153846154
1 0.7487980769230769 0.8870192307692307 0.20673076923076922 0.18028846153846154
1 0.6850961538461539 0.7283653846153846 0.20673076923076922 0.18028846153846154
1 0.8978365384615384 0.8485576923076923 0.20192307692307693 0.1346153846153846
1 0.4014423076923077 0.8161057692307693 0.2548076923076923 0.2283653846153846
1 0.921875 0.3016826923076923 0.15144230769230768 0.15384615384615385
2 0.8930288461538461 0.6923076923076923 0.2091346153846154 0.18509615384615385
0 0.203125 0.41225961538461536 0.0625 0.055288461538461536