1 0.6550480769230769 0.5108173076923077 0.15384615384615385 0.20673076923076922
1 0.3629807692307692 0.5528846153846154 0.15384615384615385 0.20673076923076922
1 0.27403846153846156 0.5865384615384616 0.15384615384615385 0.20673076923076922
1 0.3449519230769231 0.8233173076923077 0.17307692307692307 0.23557692307692307
1 0.5396634615384616 0.6742788461538461 0.17307692307692307 0.23557692307692307
1 0.671875 0.875 0.16346153846153846 0.20432692307692307
1 0.8305288461538461 0.9266826923076923 0.1875 0.14423076923076922
1 0.7103365384615384 0.17067307692307693 0.19951923076923078 0.27884615384615385
1 0.9230769230769231 0.7019230769230769 0.14903846153846154 0.21153846153846154
1 0.12139423076923077 0.4543269230769231 0.15384615384615385 0.20673076923076922
1 0.4266826923076923 0.9146634615384616 0.13942307692307693 0.1658653846153846
1 0.8401442307692307 0.5733173076923077 0.16346153846153846 0.18028846153846154
1 0.9050480769230769 0.3641826923076923 0.16826923076923078 0.1971153846153846
1 0.8689903846153846 0.07692307692307693 0.16826923076923078 0.14903846153846154
2 0.5192307692307693 0.29447115384615385 0.2620192307692308 0.27884615384615385