2 0.6105769230769231 0.8221153846153846 0.2932692307692308 0.35096153846153844
1 0.3605769230769231 0.6875 0.22596153846153846 0.20673076923076922
1 0.40625 0.9314903846153846 0.18269230769230768 0.13221153846153846
1 0.9399038461538461 0.7295673076923077 0.11778846153846154 0.23557692307692307
1 0.26802884615384615 0.8449519230769231 0.16105769230769232 0.21153846153846154
1 0.17067307692307693 0.5060096153846154 0.14423076923076922 0.18990384615384615
1 0.5396634615384616 0.5649038461538461 0.14423076923076922 0.1875
1 0.6346153846153846 0.5625 0.14423076923076922 0.1875
1 0.7103365384615384 0.5853365384615384 0.14423076923076922 0.18990384615384615
1 0.7427884615384616 0.6310096153846154 0.14423076923076922 0.18990384615384615
1 0.828125 0.6778846153846154 0.14423076923076922 0.18990384615384615
1 0.9206730769230769 0.31971153846153844 0.14423076923076922 0.1875
1 0.9483173076923077 0.5036057692307693 0.10096153846153846 0.23076923076923078
1 0.5108173076923077 0.04927884615384615 0.14423076923076922 0.09615384615384616
1 0.5649038461538461 0.40024038461538464 0.18269230769230768 0.18269230769230768
1 0.3545673076923077 0.18269230769230768 0.14423076923076922 0.16826923076923078
1 0.06370192307692307 0.4110576923076923 0.12259615384615384 0.27884615384615385
1 0.17908653846153846 0.17908653846153846 0.18509615384615385 0.2644230769230769
1 0.0985576923076923 0.7776442307692307 0.18269230769230768 0.2644230769230769
1 0.0889423076923077 0.9086538461538461 0.15384615384615385 0.1778846153846154
1 0.4423076923076923 0.5060096153846154 0.14423076923076922 0.1875
1 0.4387019230769231 0.3557692307692308 0.14423076923076922 0.1875