1 0.08533653846153846 0.140625 0.17067307692307693 0.22355769230769232
1 0.12860576923076922 0.36658653846153844 0.22355769230769232 0.3125
1 0.12860576923076922 0.5504807692307693 0.19230769230769232 0.20673076923076922
1 0.25721153846153844 0.5228365384615384 0.11538461538461539 0.2932692307692308
1 0.07572115384615384 0.9314903846153846 0.14182692307692307 0.13221153846153846
1 0.49038461538461536 0.8173076923076923 0.17307692307692307 0.25
1 0.6862980769230769 0.9074519230769231 0.15144230769230768 0.18028846153846154
1 0.3425480769230769 0.7139423076923077 0.18269230769230768 0.19471153846153846
1 0.39302884615384615 0.4375 0.19951923076923078 0.1971153846153846
1 0.3329326923076923 0.20432692307692307 0.19230769230769232 0.2548076923076923
1 0.4519230769230769 0.19951923076923078 0.19230769230769232 0.2548076923076923
1 0.6622596153846154 0.22716346153846154 0.19230769230769232 0.28365384615384615
1 0.18990384615384615 0.8028846153846154 0.12980769230769232 0.2956730769230769
1 0.07451923076923077 0.7439903846153846 0.14903846153846154 0.2091346153846154
1 0.27163461538461536 0.8930288461538461 0.16826923076923078 0.2091346153846154
1 0.9399038461538461 0.515625 0.11538461538461539 0.3076923076923077
1 0.8365384615384616 0.052884615384615384 0.20192307692307693 0.10096153846153846
0 0.7740384615384616 0.21514423076923078 0.0673076923076923 0.10336538461538461
2 0.6754807692307693 0.5324519230769231 0.38461538461538464 0.4519230769230769