1 0.3233173076923077 0.8377403846153846 0.25961538461538464 0.16826923076923078
1 0.7728365384615384 0.4831730769230769 0.25961538461538464 0.16826923076923078
1 0.5661057692307693 0.6658653846153846 0.2091346153846154 0.21153846153846154
1 0.44711538461538464 0.2091346153846154 0.21153846153846154 0.15384615384615385
1 0.5865384615384616 0.12740384615384615 0.21153846153846154 0.15384615384615385
1 0.8329326923076923 0.234375 0.27403846153846156 0.16105769230769232
1 0.7247596153846154 0.9122596153846154 0.2668269230769231 0.17067307692307693
1 0.9026442307692307 0.8233173076923077 0.19230769230769232 0.1658653846153846
1 0.7632211538461539 0.07572115384615384 0.21153846153846154 0.1466346153846154
1 0.3485576923076923 0.07572115384615384 0.22596153846153846 0.1466346153846154
2 0.2548076923076923 0.5072115384615384 0.5048076923076923 0.3605769230769231
0 0.21995192307692307 0.7127403846153846 0.07692307692307693 0.0625
0 0.5829326923076923 0.8677884615384616 0.0985576923076923 0.08413461538461539