1 0.13822115384615385 0.578125 0.20192307692307693 0.19230769230769232
1 0.3112980769230769 0.1141826923076923 0.22355769230769232 0.20192307692307693
1 0.5456730769230769 0.11177884615384616 0.20673076923076922 0.1778846153846154
1 0.5456730769230769 0.23197115384615385 0.28125 0.19230769230769232
1 0.5889423076923077 0.3894230769230769 0.2980769230769231 0.08653846153846154
1 0.7055288461538461 0.4423076923076923 0.23557692307692307 0.1658653846153846
1 0.8822115384615384 0.1201923076923077 0.23076923076923078 0.17548076923076922
1 0.36538461538461536 0.6009615384615384 0.20192307692307693 0.24759615384615385
1 0.42788461538461536 0.8882211538461539 0.2692307692307692 0.17307692307692307
1 0.9435096153846154 0.38341346153846156 0.10817307692307693 0.21153846153846154
1 0.8233173076923077 0.27283653846153844 0.25240384615384615 0.14423076923076922
1 0.13822115384615385 0.2512019230769231 0.23076923076923078 0.19230769230769232
2 0.6730769230769231 0.7223557692307693 0.5576923076923077 0.5528846153846154