2 0.22115384615384615 0.7331730769230769 0.3798076923076923 0.30288461538461536
1 0.3389423076923077 0.4963942307692308 0.2644230769230769 0.18269230769230768
1 0.2704326923076923 0.3125 0.2644230769230769 0.18269230769230768
1 0.6262019230769231 0.4483173076923077 0.2644230769230769 0.18269230769230768
1 0.6730769230769231 0.6514423076923077 0.25 0.17548076923076922
1 0.8798076923076923 0.45072115384615385 0.23557692307692307 0.21153846153846154
1 0.4098557692307692 0.10096153846153846 0.25961538461538464 0.1971153846153846
1 0.9350961538461539 0.8509615384615384 0.125 0.1875
1 0.06490384615384616 0.9002403846153846 0.125 0.18028846153846154
1 0.39663461538461536 0.9254807692307693 0.21153846153846154 0.14423076923076922
1 0.06129807692307692 0.14423076923076922 0.1201923076923077 0.16826923076923078
1 0.6310096153846154 0.04927884615384615 0.18269230769230768 0.09615384615384616
1 0.8497596153846154 0.09014423076923077 0.22115384615384615 0.17548076923076922
1 0.5685096153846154 0.9314903846153846 0.25721153846153844 0.13221153846153846
0 0.6550480769230769 0.796875 0.10576923076923077 0.06490384615384616
1 0.10216346153846154 0.375 0.19951923076923078 0.21153846153846154
1 0.5889423076923077 0.6213942307692307 0.18269230769230768 0.15865384615384615
1 0.53125 0.6742788461538461 0.18269230769230768 0.15865384615384615