1 0.6574519230769231 0.7307692307692307 0.23557692307692307 0.1778846153846154
1 0.8317307692307693 0.8485576923076923 0.23317307692307693 0.15625
1 0.7451923076923077 0.5925480769230769 0.21153846153846154 0.10817307692307693
1 0.5168269230769231 0.59375 0.23076923076923078 0.17548076923076922
1 0.3088942307692308 0.6237980769230769 0.20673076923076922 0.15384615384615385
1 0.3762019230769231 0.44471153846153844 0.21875 0.17307692307692307
1 0.14302884615384615 0.11177884615384616 0.24519230769230768 0.20192307692307693
1 0.41225961538461536 0.8846153846153846 0.21634615384615385 0.15865384615384615
1 0.2620192307692308 0.8365384615384616 0.25961538461538464 0.19230769230769232
1 0.6057692307692307 0.4266826923076923 0.21153846153846154 0.1658653846153846
1 0.8173076923076923 0.18509615384615385 0.1778846153846154 0.20673076923076922
1 0.9098557692307693 0.42788461538461536 0.1778846153846154 0.1778846153846154
1 0.9146634615384616 0.578125 0.16826923076923078 0.1466346153846154
1 0.12620192307692307 0.3269230769230769 0.24759615384615385 0.1875
0 0.29086538461538464 0.7451923076923077 0.06009615384615385 0.05048076923076923
0 0.12980769230769232 0.6538461538461539 0.08653846153846154 0.0673076923076923
2 0.4987980769230769 0.21995192307692307 0.5384615384615384 0.375