2 0.4266826923076923 0.3125 0.36538461538461536 0.27884615384615385
0 0.5829326923076923 0.16105769230769232 0.07932692307692307 0.0673076923076923
0 0.5420673076923077 0.12259615384615384 0.07932692307692307 0.0673076923076923
0 0.9747596153846154 0.5528846153846154 0.04567307692307692 0.0673076923076923
1 0.140625 0.21033653846153846 0.22115384615384615 0.1971153846153846
1 0.8846153846153846 0.8834134615384616 0.22596153846153846 0.20432692307692307
1 0.16826923076923078 0.6526442307692307 0.2932692307692308 0.19951923076923078
1 0.25240384615384615 0.8016826923076923 0.15865384615384615 0.1875
1 0.6983173076923077 0.5432692307692307 0.19230769230769232 0.18028846153846154
1 0.7584134615384616 0.41466346153846156 0.19230769230769232 0.18028846153846154
1 0.16826923076923078 0.40865384615384615 0.19230769230769232 0.18028846153846154
1 0.2644230769230769 0.48677884615384615 0.22596153846153846 0.18990384615384615
1 0.1141826923076923 0.9314903846153846 0.22355769230769232 0.1346153846153846
1 0.4266826923076923 0.8701923076923077 0.22355769230769232 0.21634615384615385
1 0.5817307692307693 0.8882211538461539 0.18509615384615385 0.1875
1 0.6129807692307693 0.6790865384615384 0.20192307692307693 0.1875
1 0.65625 0.2608173076923077 0.20432692307692307 0.20432692307692307
1 0.7896634615384616 0.11177884615384616 0.20432692307692307 0.20432692307692307