0 0.47475961538461536 0.2956730769230769 0.10576923076923077 0.0985576923076923
2 0.90625 0.3545673076923077 0.18269230769230768 0.20673076923076922
1 0.3401442307692308 0.5793269230769231 0.2403846153846154 0.1778846153846154
1 0.17427884615384615 0.28125 0.2403846153846154 0.1778846153846154
1 0.203125 0.10096153846153846 0.2403846153846154 0.1778846153846154
1 0.5793269230769231 0.19230769230769232 0.2403846153846154 0.1778846153846154
1 0.9122596153846154 0.15625 0.17067307692307693 0.18269230769230768
1 0.6514423076923077 0.47716346153846156 0.2403846153846154 0.1778846153846154
0 0.8016826923076923 0.3954326923076923 0.06971153846153846 0.057692307692307696
1 0.7391826923076923 0.8918269230769231 0.2403846153846154 0.18028846153846154
1 0.734375 0.9555288461538461 0.23317307692307693 0.08413461538461539
1 0.49038461538461536 0.8245192307692307 0.2403846153846154 0.1778846153846154
1 0.6670673076923077 0.71875 0.2403846153846154 0.18028846153846154
1 0.9086538461538461 0.7163461538461539 0.1778846153846154 0.18269230769230768
1 0.90625 0.7199519230769231 0.18269230769230768 0.18269230769230768
1 0.2091346153846154 0.7764423076923077 0.2403846153846154 0.1778846153846154
1 0.25 0.1875 0.2403846153846154 0.1778846153846154
1 0.6862980769230769 0.046875 0.2283653846153846 0.09134615384615384
1 0.9266826923076923 0.8545673076923077 0.14182692307692307 0.18269230769230768
1 0.4050480769230769 0.9326923076923077 0.24759615384615385 0.12980769230769232
1 0.10576923076923077 0.890625 0.21153846153846154 0.18269230769230768
1 0.10576923076923077 0.6802884615384616 0.21153846153846154 0.18269230769230768
0 0.32211538461538464 0.8846153846153846 0.07451923076923077 0.057692307692307696