1 0.7572115384615384 0.6237980769230769 0.23798076923076922 0.2283653846153846
1 0.8990384615384616 0.46033653846153844 0.1971153846153846 0.15384615384615385
1 0.8810096153846154 0.1622596153846154 0.23317307692307693 0.17548076923076922
1 0.7764423076923077 0.33052884615384615 0.23317307692307693 0.17548076923076922
1 0.5564903846153846 0.30408653846153844 0.23317307692307693 0.17548076923076922
1 0.19471153846153846 0.44350961538461536 0.23798076923076922 0.1971153846153846
1 0.3545673076923077 0.6382211538461539 0.27403846153846156 0.1971153846153846
1 0.3954326923076923 0.328125 0.24519230769230768 0.18990384615384615
1 0.11298076923076923 0.6490384615384616 0.22115384615384615 0.20673076923076922
1 0.09975961538461539 0.8485576923076923 0.1466346153846154 0.22115384615384615
1 0.21394230769230768 0.08173076923076923 0.18269230769230768 0.15865384615384615
1 0.34615384615384615 0.07091346153846154 0.22115384615384615 0.13942307692307693
1 0.06490384615384616 0.12980769230769232 0.12980769230769232 0.15865384615384615
1 0.06490384615384616 0.34134615384615385 0.12980769230769232 0.15865384615384615
2 0.5661057692307693 0.8605769230769231 0.4543269230769231 0.27403846153846156
0 0.7379807692307693 0.7403846153846154 0.09615384615384616 0.07451923076923077