1 0.11778846153846154 0.1141826923076923 0.1778846153846154 0.2283653846153846
1 0.3112980769230769 0.2620192307692308 0.1778846153846154 0.23076923076923078
1 0.07932692307692307 0.8173076923076923 0.15865384615384615 0.22115384615384615
1 0.49038461538461536 0.515625 0.16346153846153846 0.22355769230769232
1 0.6706730769230769 0.2692307692307692 0.16346153846153846 0.22355769230769232
1 0.9302884615384616 0.39302884615384615 0.1346153846153846 0.22596153846153846
1 0.8786057692307693 0.6033653846153846 0.1658653846153846 0.22355769230769232
1 0.7319711538461539 0.5841346153846154 0.14182692307692307 0.18269230769230768
1 0.7776442307692307 0.9447115384615384 0.14423076923076922 0.10576923076923077
1 0.0985576923076923 0.3293269230769231 0.16346153846153846 0.22355769230769232
1 0.20432692307692307 0.6286057692307693 0.15384615384615385 0.25961538461538464
2 0.3269230769230769 0.8689903846153846 0.22115384615384615 0.25961538461538464