1 0.4110576923076923 0.5384615384615384 0.14182692307692307 0.21634615384615385
1 0.4326923076923077 0.8762019230769231 0.16826923076923078 0.22115384615384615
1 0.6766826923076923 0.8161057692307693 0.12740384615384615 0.19230769230769232
1 0.21995192307692307 0.2956730769230769 0.13701923076923078 0.19951923076923078
1 0.2860576923076923 0.44591346153846156 0.15144230769230768 0.20673076923076922
1 0.20192307692307693 0.6610576923076923 0.15144230769230768 0.20673076923076922
1 0.4699519230769231 0.1141826923076923 0.17548076923076922 0.22355769230769232
1 0.953125 0.4675480769230769 0.0889423076923077 0.23317307692307693
1 0.6129807692307693 0.13341346153846154 0.1658653846153846 0.24519230769230768
1 0.9002403846153846 0.8798076923076923 0.1466346153846154 0.23317307692307693
2 0.7139423076923077 0.5360576923076923 0.27403846153846156 0.3293269230769231
0 0.16826923076923078 0.4423076923076923 0.052884615384615384 0.0673076923076923
0 0.7199519230769231 0.9459134615384616 0.052884615384615384 0.08653846153846154
0 0.9230769230769231 0.8305288461538461 0.028846153846153848 0.04807692307692308
0 0.38461538461538464 0.6814903846153846 0.057692307692307696 0.0673076923076923