1 0.5288461538461539 0.7235576923076923 0.17067307692307693 0.21634615384615385
1 0.39903846153846156 0.6790865384615384 0.13942307692307693 0.1778846153846154
1 0.12860576923076922 0.23197115384615385 0.13942307692307693 0.2620192307692308
1 0.9014423076923077 0.3629807692307692 0.16826923076923078 0.21634615384615385
1 0.3317307692307692 0.4519230769230769 0.17307692307692307 0.22115384615384615
1 0.4567307692307692 0.46153846153846156 0.15384615384615385 0.20432692307692307
1 0.5516826923076923 0.4699519230769231 0.15625 0.19230769230769232
1 0.31850961538461536 0.875 0.15625 0.19230769230769232
1 0.052884615384615384 0.5168269230769231 0.10096153846153846 0.21634615384615385
1 0.28125 0.6838942307692307 0.15625 0.19230769230769232
1 0.7560096153846154 0.3581730769230769 0.14903846153846154 0.22115384615384615
1 0.8088942307692307 0.6129807692307693 0.1875 0.23076923076923078
1 0.7463942307692307 0.8112980769230769 0.1875 0.23076923076923078
2 0.5649038461538461 0.18870192307692307 0.38461538461538464 0.37259615384615385