2 0.3173076923076923 0.28125 0.3125 0.28846153846153844
0 0.7992788461538461 0.7560096153846154 0.07692307692307693 0.057692307692307696
0 0.9266826923076923 0.7163461538461539 0.10336538461538461 0.08413461538461539
0 0.06129807692307692 0.28365384615384615 0.07692307692307693 0.057692307692307696
1 0.33533653846153844 0.9038461538461539 0.22115384615384615 0.1875
1 0.5817307692307693 0.41947115384615385 0.22115384615384615 0.1875
1 0.6490384615384616 0.4795673076923077 0.22115384615384615 0.1875
1 0.6153846153846154 0.5805288461538461 0.22115384615384615 0.1875
1 0.6262019230769231 0.6526442307692307 0.22115384615384615 0.1875
1 0.5769230769230769 0.7211538461538461 0.22115384615384615 0.1875
1 0.5600961538461539 0.78125 0.22115384615384615 0.1875
1 0.6117788461538461 0.8918269230769231 0.22115384615384615 0.1875
1 0.8930288461538461 0.2692307692307692 0.2091346153846154 0.19230769230769232
1 0.8930288461538461 0.43509615384615385 0.2091346153846154 0.19230769230769232
1 0.84375 0.5516826923076923 0.22115384615384615 0.1875
1 0.4879807692307692 0.07692307692307693 0.27884615384615385 0.15384615384615385
1 0.08533653846153846 0.6574519230769231 0.16826923076923078 0.19230769230769232