1 0.671875 0.3629807692307692 0.17307692307692307 0.27403846153846156
1 0.8485576923076923 0.31490384615384615 0.1875 0.2668269230769231
1 0.48197115384615385 0.5829326923076923 0.19471153846153846 0.3076923076923077
1 0.13701923076923078 0.8088942307692307 0.18269230769230768 0.23317307692307693
1 0.5348557692307693 0.2247596153846154 0.16346153846153846 0.22596153846153846
1 0.7728365384615384 0.078125 0.16105769230769232 0.15625
1 0.1814903846153846 0.49038461538461536 0.16346153846153846 0.22596153846153846
1 0.11538461538461539 0.18269230769230768 0.1971153846153846 0.25961538461538464
1 0.9555288461538461 0.4963942307692308 0.08413461538461539 0.24759615384615385
1 0.2980769230769231 0.8197115384615384 0.14423076923076922 0.21153846153846154
1 0.33653846153846156 0.31971153846153844 0.16346153846153846 0.22596153846153846
2 0.6610576923076923 0.8449519230769231 0.3317307692307692 0.30528846153846156