1 0.5552884615384616 0.2692307692307692 0.19471153846153846 0.22355769230769232
1 0.38461538461538464 0.20673076923076922 0.14903846153846154 0.20673076923076922
1 0.36177884615384615 0.42908653846153844 0.14903846153846154 0.20673076923076922
1 0.24879807692307693 0.6129807692307693 0.14903846153846154 0.20673076923076922
1 0.6502403846153846 0.3329326923076923 0.12980769230769232 0.17548076923076922
1 0.18629807692307693 0.9182692307692307 0.16346153846153846 0.15865384615384615
1 0.48677884615384615 0.9146634615384616 0.18990384615384615 0.16826923076923078
1 0.8978365384615384 0.9146634615384616 0.18990384615384615 0.16826923076923078
1 0.09975961538461539 0.20072115384615385 0.1875 0.21634615384615385
1 0.27884615384615385 0.07932692307692307 0.22115384615384615 0.15865384615384615
1 0.052884615384615384 0.8389423076923077 0.10336538461538461 0.22596153846153846
1 0.03485576923076923 0.5673076923076923 0.0673076923076923 0.29086538461538464
1 0.8461538461538461 0.29927884615384615 0.1875 0.2692307692307692
1 0.8737980769230769 0.7247596153846154 0.1875 0.2692307692307692
2 0.7127403846153846 0.6358173076923077 0.21153846153846154 0.2932692307692308
0 0.4855769230769231 0.4495192307692308 0.07211538461538461 0.08653846153846154
0 0.5721153846153846 0.5901442307692307 0.07211538461538461 0.08653846153846154
1 0.16105769230769232 0.5913461538461539 0.10817307692307693 0.18509615384615385