1 0.5012019230769231 0.3713942307692308 0.17548076923076922 0.17307692307692307
1 0.6490384615384616 0.5348557692307693 0.17548076923076922 0.17307692307692307
1 0.46875 0.5456730769230769 0.20192307692307693 0.16346153846153846
1 0.09254807692307693 0.5576923076923077 0.18269230769230768 0.16346153846153846
1 0.11177884615384616 0.7584134615384616 0.22115384615384615 0.17067307692307693
1 0.23317307692307693 0.4411057692307692 0.21634615384615385 0.18269230769230768
1 0.1622596153846154 0.125 0.21153846153846154 0.18269230769230768
1 0.7079326923076923 0.9146634615384616 0.20192307692307693 0.1658653846153846
1 0.8774038461538461 0.5925480769230769 0.20192307692307693 0.16346153846153846
1 0.3076923076923077 0.14302884615384615 0.20192307692307693 0.16346153846153846
1 0.06971153846153846 0.24879807692307693 0.13942307692307693 0.10817307692307693
1 0.9266826923076923 0.9206730769230769 0.14182692307692307 0.12980769230769232
1 0.6754807692307693 0.703125 0.17307692307692307 0.13701923076923078
1 0.8882211538461539 0.7319711538461539 0.16346153846153846 0.11778846153846154
2 0.8533653846153846 0.4110576923076923 0.24519230769230768 0.23798076923076922
0 0.6814903846153846 0.4050480769230769 0.09615384615384616 0.0673076923076923
0 0.22956730769230768 0.578125 0.09615384615384616 0.0673076923076923