1 0.7632211538461539 0.3629807692307692 0.1658653846153846 0.19951923076923078
1 0.5036057692307693 0.43509615384615385 0.23076923076923078 0.1971153846153846
1 0.3485576923076923 0.21033653846153846 0.16826923076923078 0.1346153846153846
1 0.6334134615384616 0.23317307692307693 0.24519230769230768 0.14182692307692307
1 0.4375 0.08533653846153846 0.20432692307692307 0.16346153846153846
1 0.6213942307692307 0.09254807692307693 0.19230769230769232 0.18028846153846154
1 0.5637019230769231 0.5576923076923077 0.19230769230769232 0.18028846153846154
1 0.5805288461538461 0.6826923076923077 0.20673076923076922 0.19471153846153846
1 0.9326923076923077 0.34375 0.12980769230769232 0.18990384615384615
0 0.8713942307692307 0.7331730769230769 0.07211538461538461 0.055288461538461536
0 0.9555288461538461 0.6358173076923077 0.07211538461538461 0.08173076923076923
0 0.8317307692307693 0.8774038461538461 0.11778846153846154 0.08173076923076923
0 0.9435096153846154 0.765625 0.09615384615384616 0.08173076923076923
0 0.15865384615384615 0.6802884615384616 0.07692307692307693 0.08173076923076923
0 0.18509615384615385 0.13341346153846154 0.057692307692307696 0.04807692307692308
2 0.8449519230769231 0.11057692307692307 0.3076923076923077 0.20673076923076922