2 0.25721153846153844 0.5973557692307693 0.5024038461538461 0.34615384615384615
1 0.38822115384615385 0.37740384615384615 0.20673076923076922 0.1201923076923077
1 0.1466346153846154 0.3605769230769231 0.24519230769230768 0.14903846153846154
1 0.2512019230769231 0.21875 0.17307692307692307 0.15865384615384615
1 0.20192307692307693 0.07211538461538461 0.20673076923076922 0.14182692307692307
1 0.08052884615384616 0.22596153846153846 0.15625 0.16826923076923078
1 0.8677884615384616 0.25600961538461536 0.21153846153846154 0.1778846153846154
1 0.9326923076923077 0.4891826923076923 0.12980769230769232 0.17307692307692307
1 0.9182692307692307 0.8930288461538461 0.15865384615384615 0.21394230769230768
1 0.6899038461538461 0.9182692307692307 0.23076923076923078 0.15865384615384615
1 0.2439903846153846 0.8197115384615384 0.22596153846153846 0.16346153846153846
1 0.5396634615384616 0.5228365384615384 0.22596153846153846 0.16346153846153846
1 0.7331730769230769 0.765625 0.19230769230769232 0.18028846153846154
1 0.4026442307692308 0.051682692307692304 0.21634615384615385 0.0985576923076923
0 0.8305288461538461 0.5 0.07692307692307693 0.07211538461538461
1 0.5336538461538461 0.3173076923076923 0.21153846153846154 0.1778846153846154