1 0.3173076923076923 0.3016826923076923 0.20673076923076922 0.1875
1 0.5504807692307693 0.20673076923076922 0.25961538461538464 0.1971153846153846
1 0.6947115384615384 0.36177884615384615 0.2403846153846154 0.1778846153846154
1 0.5913461538461539 0.4735576923076923 0.20673076923076922 0.17307692307692307
1 0.9074519230769231 0.37259615384615385 0.18028846153846154 0.1778846153846154
1 0.09495192307692307 0.3449519230769231 0.1875 0.1875
1 0.06370192307692307 0.5709134615384616 0.125 0.18269230769230768
1 0.8918269230769231 0.18990384615384615 0.21153846153846154 0.19230769230769232
1 0.16706730769230768 0.06009615384615385 0.2403846153846154 0.11778846153846154
1 0.7680288461538461 0.6634615384615384 0.2403846153846154 0.15625
1 0.7451923076923077 0.8617788461538461 0.2403846153846154 0.15625
1 0.6274038461538461 0.9266826923076923 0.24519230769230768 0.14182692307692307
2 0.3293269230769231 0.7932692307692307 0.40865384615384615 0.37740384615384615