2 0.5180288461538461 0.4098557692307692 0.16826923076923078 0.2403846153846154
0 0.34615384615384615 0.4639423076923077 0.052884615384615384 0.06009615384615385
0 0.42788461538461536 0.5685096153846154 0.052884615384615384 0.06009615384615385
0 0.028846153846153848 0.6045673076923077 0.04326923076923077 0.07211538461538461
1 0.14423076923076922 0.33052884615384615 0.21153846153846154 0.27403846153846156
1 0.09495192307692307 0.08533653846153846 0.15384615384615385 0.16826923076923078
1 0.07091346153846154 0.125 0.14182692307692307 0.19471153846153846
1 0.25721153846153844 0.12620192307692307 0.1875 0.1971153846153846
1 0.40024038461538464 0.08774038461538461 0.18990384615384615 0.17548076923076922
1 0.6802884615384616 0.6670673076923077 0.17307692307692307 0.21634615384615385
1 0.7295673076923077 0.8930288461538461 0.1466346153846154 0.21153846153846154
1 0.49278846153846156 0.8930288461538461 0.1466346153846154 0.21153846153846154
1 0.6995192307692307 0.46033653846153844 0.16346153846153846 0.21153846153846154
1 0.8221153846153846 0.17067307692307693 0.13221153846153846 0.19230769230769232
1 0.9362980769230769 0.09134615384615384 0.125 0.18269230769230768
1 0.5372596153846154 0.6646634615384616 0.16826923076923078 0.23076923076923078
1 0.44350961538461536 0.7283653846153846 0.16826923076923078 0.23076923076923078
1 0.2980769230769231 0.7644230769230769 0.17548076923076922 0.21634615384615385
1 0.5396634615384616 0.1814903846153846 0.15384615384615385 0.19471153846153846
1 0.6610576923076923 0.23317307692307693 0.15384615384615385 0.19471153846153846
1 0.7800480769230769 0.037259615384615384 0.17548076923076922 0.07451923076923077