1 0.7115384615384616 0.8737980769230769 0.1778846153846154 0.21634615384615385
1 0.8894230769230769 0.8605769230769231 0.1778846153846154 0.21634615384615385
1 0.7235576923076923 0.5853365384615384 0.1778846153846154 0.21634615384615385
1 0.4483173076923077 0.1502403846153846 0.19230769230769232 0.23557692307692307
1 0.3269230769230769 0.36899038461538464 0.20192307692307693 0.27403846153846156
1 0.30288461538461536 0.7752403846153846 0.16105769230769232 0.22596153846153846
1 0.8341346153846154 0.12620192307692307 0.20192307692307693 0.24759615384615385
1 0.7319711538461539 0.04447115384615385 0.17307692307692307 0.08653846153846154
1 0.9254807692307693 0.43149038461538464 0.14423076923076922 0.18269230769230768
1 0.11177884615384616 0.8137019230769231 0.1971153846153846 0.2860576923076923
1 0.4543269230769231 0.9134615384615384 0.15865384615384615 0.16826923076923078
1 0.34134615384615385 0.18990384615384615 0.19951923076923078 0.20673076923076922
1 0.6502403846153846 0.16826923076923078 0.18269230769230768 0.2548076923076923
2 0.47475961538461536 0.5901442307692307 0.34615384615384615 0.4735576923076923