1 0.8425480769230769 0.203125 0.17307692307692307 0.23076923076923078
1 0.7355769230769231 0.3293269230769231 0.18269230769230768 0.24519230769230768
1 0.5612980769230769 0.24519230769230768 0.1971153846153846 0.24519230769230768
1 0.5625 0.0889423076923077 0.1971153846153846 0.17307692307692307
1 0.35096153846153844 0.14423076923076922 0.19951923076923078 0.25
1 0.1935096153846154 0.5096153846153846 0.19951923076923078 0.25
1 0.39663461538461536 0.4026442307692308 0.21153846153846154 0.2668269230769231
1 0.9122596153846154 0.5096153846153846 0.17067307692307693 0.23557692307692307
1 0.890625 0.7415865384615384 0.1875 0.22115384615384615
1 0.8461538461538461 0.921875 0.1875 0.15144230769230768
1 0.28365384615384615 0.7163461538461539 0.15384615384615385 0.20432692307692307
1 0.17908653846153846 0.7367788461538461 0.15384615384615385 0.20432692307692307
1 0.06971153846153846 0.9122596153846154 0.13942307692307693 0.17067307692307693
1 0.21754807692307693 0.9170673076923077 0.16105769230769232 0.16105769230769232
1 0.08173076923076923 0.17307692307692307 0.16105769230769232 0.2548076923076923
1 0.22956730769230768 0.2536057692307692 0.21153846153846154 0.2692307692307692
2 0.6021634615384616 0.7944711538461539 0.43509615384615385 0.40625