1 0.5372596153846154 0.20673076923076922 0.18509615384615385 0.25
1 0.7872596153846154 0.1502403846153846 0.23076923076923078 0.24519230769230768
1 0.5348557692307693 0.8052884615384616 0.18990384615384615 0.20673076923076922
1 0.06610576923076923 0.9194711538461539 0.12980769230769232 0.15865384615384615
1 0.25 0.8870192307692307 0.1875 0.22115384615384615
1 0.07091346153846154 0.6286057692307693 0.13942307692307693 0.30288461538461536
1 0.24639423076923078 0.28725961538461536 0.14423076923076922 0.3004807692307692
1 0.33533653846153844 0.6081730769230769 0.14423076923076922 0.3004807692307692
1 0.9290865384615384 0.7319711538461539 0.13701923076923078 0.29086538461538464
1 0.09134615384615384 0.2920673076923077 0.1778846153846154 0.25
2 0.7704326923076923 0.8557692307692307 0.23317307692307693 0.28365384615384615
0 0.4963942307692308 0.6802884615384616 0.07692307692307693 0.0889423076923077
0 0.4338942307692308 0.5132211538461539 0.07692307692307693 0.0889423076923077
1 0.8521634615384616 0.41947115384615385 0.18509615384615385 0.25