1 0.2860576923076923 0.8810096153846154 0.20192307692307693 0.15865384615384615
1 0.16105769230769232 0.43028846153846156 0.22355769230769232 0.1971153846153846
1 0.4735576923076923 0.0829326923076923 0.27403846153846156 0.16346153846153846
1 0.8233173076923077 0.12980769230769232 0.27163461538461536 0.19471153846153846
1 0.921875 0.2668269230769231 0.15144230769230768 0.1778846153846154
1 0.3786057692307692 0.3918269230769231 0.20192307692307693 0.16346153846153846
1 0.31490384615384615 0.2247596153846154 0.22115384615384615 0.21634615384615385
1 0.17067307692307693 0.055288461538461536 0.22115384615384615 0.10576923076923077
1 0.0889423076923077 0.9182692307692307 0.17307692307692307 0.15625
1 0.8569711538461539 0.8028846153846154 0.2403846153846154 0.16346153846153846
1 0.484375 0.6658653846153846 0.25 0.20673076923076922
1 0.2283653846153846 0.7115384615384616 0.20192307692307693 0.18509615384615385