1 0.8990384615384616 0.5841346153846154 0.1971153846153846 0.1875
1 0.44471153846153844 0.5372596153846154 0.2403846153846154 0.18269230769230768
1 0.4423076923076923 0.8377403846153846 0.2403846153846154 0.18269230769230768
1 0.7536057692307693 0.7920673076923077 0.36538461538461536 0.2403846153846154
1 0.2608173076923077 0.16947115384615385 0.25961538461538464 0.21634615384615385
1 0.3389423076923077 0.29447115384615385 0.23798076923076922 0.18990384615384615
1 0.24639423076923078 0.7019230769230769 0.2403846153846154 0.18509615384615385
1 0.4387019230769231 0.16706730769230768 0.23798076923076922 0.18990384615384615
1 0.2512019230769231 0.9254807692307693 0.24759615384615385 0.14423076923076922
2 0.140625 0.46634615384615385 0.27884615384615385 0.28846153846153844
0 0.5612980769230769 0.7235576923076923 0.08173076923076923 0.07211538461538461