1 0.20552884615384615 0.14543269230769232 0.1778846153846154 0.23076923076923078
1 0.15144230769230768 0.39302884615384615 0.17548076923076922 0.2692307692307692
1 0.5144230769230769 0.8088942307692307 0.17548076923076922 0.2692307692307692
1 0.25721153846153844 0.859375 0.17067307692307693 0.1971153846153846
1 0.32211538461538464 0.8858173076923077 0.17067307692307693 0.1971153846153846
1 0.06490384615384616 0.671875 0.125 0.23317307692307693
1 0.6790865384615384 0.6322115384615384 0.15384615384615385 0.21153846153846154
1 0.7584134615384616 0.3786057692307692 0.1778846153846154 0.21394230769230768
1 0.8004807692307693 0.09014423076923077 0.1778846153846154 0.18028846153846154
1 0.546875 0.12860576923076922 0.1778846153846154 0.21153846153846154
1 0.8990384615384616 0.20192307692307693 0.1875 0.2403846153846154
2 0.46274038461538464 0.46153846153846156 0.3701923076923077 0.4519230769230769