2 0.5649038461538461 0.5336538461538461 0.25 0.17548076923076922
0 0.5084134615384616 0.3557692307692308 0.0625 0.055288461538461536
0 0.40024038461538464 0.4411057692307692 0.0625 0.055288461538461536
0 0.36177884615384615 0.026442307692307692 0.07692307692307693 0.04807692307692308
1 0.6466346153846154 0.14543269230769232 0.28365384615384615 0.21875
1 0.9050480769230769 0.09495192307692307 0.18509615384615385 0.16105769230769232
1 0.859375 0.07211538461538461 0.20192307692307693 0.14423076923076922
1 0.8581730769230769 0.26322115384615385 0.20432692307692307 0.19230769230769232
1 0.9026442307692307 0.41225961538461536 0.18990384615384615 0.19471153846153846
1 0.2980769230769231 0.7019230769230769 0.22115384615384615 0.18028846153846154
1 0.08774038461538461 0.7524038461538461 0.17067307692307693 0.15144230769230768
1 0.08774038461538461 0.5072115384615384 0.17067307692307693 0.15144230769230768
1 0.5120192307692307 0.7211538461538461 0.22115384615384615 0.16826923076923078
1 0.8125 0.8485576923076923 0.1971153846153846 0.13701923076923078
1 0.9002403846153846 0.9495192307692307 0.19951923076923078 0.09615384615384616
1 0.3016826923076923 0.5528846153846154 0.23798076923076922 0.17307692307692307
1 0.234375 0.4567307692307692 0.23798076923076922 0.17307692307692307
1 0.1971153846153846 0.30528846153846156 0.22596153846153846 0.18269230769230768
1 0.8016826923076923 0.5564903846153846 0.20192307692307693 0.15865384615384615
1 0.7475961538461539 0.6814903846153846 0.20192307692307693 0.15865384615384615
1 0.9555288461538461 0.8052884615384616 0.08413461538461539 0.18269230769230768