2 0.3317307692307692 0.38341346153846156 0.24759615384615385 0.3125
1 0.22235576923076922 0.6057692307692307 0.1778846153846154 0.22355769230769232
1 0.5685096153846154 0.6442307692307693 0.14903846153846154 0.2644230769230769
1 0.5060096153846154 0.6574519230769231 0.11538461538461539 0.2644230769230769
1 0.4543269230769231 0.7103365384615384 0.11538461538461539 0.2644230769230769
1 0.41346153846153844 0.75 0.11538461538461539 0.2644230769230769
1 0.36538461538461536 0.7584134615384616 0.11538461538461539 0.2644230769230769
1 0.8100961538461539 0.5817307692307693 0.1778846153846154 0.22355769230769232
1 0.7271634615384616 0.5552884615384616 0.1778846153846154 0.22355769230769232
1 0.8533653846153846 0.765625 0.1778846153846154 0.22355769230769232
1 0.96875 0.8293269230769231 0.057692307692307696 0.2283653846153846
1 0.9627403846153846 0.29086538461538464 0.07211538461538461 0.21153846153846154
1 0.9338942307692307 0.17668269230769232 0.12980769230769232 0.21634615384615385
1 0.6646634615384616 0.27283653846153844 0.18990384615384615 0.24519230769230768
1 0.5793269230769231 0.09735576923076923 0.1971153846153846 0.18990384615384615
1 0.6622596153846154 0.8978365384615384 0.18990384615384615 0.19951923076923078
1 0.37740384615384615 0.9194711538461539 0.18028846153846154 0.15625
1 0.18629807692307693 0.15625 0.15625 0.2403846153846154
1 0.39783653846153844 0.09375 0.15384615384615385 0.1875