1 0.7235576923076923 0.8822115384615384 0.2644230769230769 0.17067307692307693
1 0.9146634615384616 0.9122596153846154 0.1658653846153846 0.17548076923076922
1 0.9399038461538461 0.7247596153846154 0.11538461538461539 0.2091346153846154
1 0.8942307692307693 0.45552884615384615 0.20673076923076922 0.19471153846153846
1 0.5420673076923077 0.30528846153846156 0.25721153846153844 0.19230769230769232
1 0.35096153846153844 0.7836538461538461 0.22596153846153846 0.16346153846153846
1 0.234375 0.921875 0.24759615384615385 0.15144230769230768
1 0.19831730769230768 0.6334134615384616 0.24519230769230768 0.15865384615384615
1 0.2644230769230769 0.45552884615384615 0.22115384615384615 0.16346153846153846
1 0.2860576923076923 0.2620192307692308 0.22596153846153846 0.1875
1 0.1201923076923077 0.08774038461538461 0.22596153846153846 0.17307692307692307
1 0.8052884615384616 0.2800480769230769 0.22596153846153846 0.16346153846153846
1 0.07091346153846154 0.5432692307692307 0.13942307692307693 0.15384615384615385
1 0.07091346153846154 0.7644230769230769 0.13942307692307693 0.1875
2 0.6550480769230769 0.6213942307692307 0.5072115384615384 0.3942307692307692
0 0.5348557692307693 0.16466346153846154 0.14903846153846154 0.11298076923076923
0 0.9146634615384616 0.18629807692307693 0.09134615384615384 0.07692307692307693