1 0.2536057692307692 0.8137019230769231 0.18028846153846154 0.27403846153846156
1 0.7235576923076923 0.5709134615384616 0.14903846153846154 0.21634615384615385
1 0.5480769230769231 0.9146634615384616 0.17307692307692307 0.1658653846153846
1 0.5192307692307693 0.5985576923076923 0.17307692307692307 0.2283653846153846
1 0.12139423076923077 0.5 0.17307692307692307 0.1971153846153846
1 0.2980769230769231 0.3954326923076923 0.18028846153846154 0.1658653846153846
1 0.30649038461538464 0.6069711538461539 0.16105769230769232 0.1971153846153846
1 0.859375 0.3870192307692308 0.15865384615384615 0.24519230769230768
1 0.0673076923076923 0.7283653846153846 0.1346153846153846 0.24519230769230768
1 0.6105769230769231 0.8173076923076923 0.20192307692307693 0.24519230769230768
1 0.5757211538461539 0.06370192307692307 0.21394230769230768 0.12259615384615384
2 0.5973557692307693 0.3173076923076923 0.3269230769230769 0.43509615384615385