1 0.10216346153846154 0.8882211538461539 0.20192307692307693 0.22115384615384615
1 0.6802884615384616 0.7463942307692307 0.23557692307692307 0.22596153846153846
1 0.42427884615384615 0.47596153846153844 0.20673076923076922 0.21634615384615385
1 0.2704326923076923 0.29086538461538464 0.23557692307692307 0.1658653846153846
1 0.07451923076923077 0.20432692307692307 0.14423076923076922 0.1778846153846154
1 0.1875 0.45913461538461536 0.22596153846153846 0.18269230769230768
1 0.24278846153846154 0.5973557692307693 0.2644230769230769 0.2091346153846154
1 0.46153846153846156 0.7007211538461539 0.22596153846153846 0.18269230769230768
1 0.8834134615384616 0.140625 0.2283653846153846 0.1658653846153846
1 0.47836538461538464 0.8617788461538461 0.22596153846153846 0.16826923076923078
1 0.9002403846153846 0.7223557692307693 0.19471153846153846 0.18509615384615385
1 0.6346153846153846 0.06370192307692307 0.2980769230769231 0.125
2 0.7463942307692307 0.39663461538461536 0.49038461538461536 0.4014423076923077