2 0.7680288461538461 0.49158653846153844 0.23798076923076922 0.29086538461538464
0 0.25961538461538464 0.3786057692307692 0.0889423076923077 0.07211538461538461
1 0.5276442307692307 0.7139423076923077 0.1875 0.2403846153846154
1 0.6033653846153846 0.8149038461538461 0.12980769230769232 0.19951923076923078
1 0.34615384615384615 0.6225961538461539 0.15865384615384615 0.18028846153846154
1 0.23197115384615385 0.6286057692307693 0.19230769230769232 0.19230769230769232
1 0.546875 0.49278846153846156 0.19230769230769232 0.22596153846153846
1 0.5793269230769231 0.3389423076923077 0.19230769230769232 0.22596153846153846
1 0.6875 0.22235576923076922 0.19471153846153846 0.2283653846153846
1 0.5012019230769231 0.12620192307692307 0.19471153846153846 0.22596153846153846
1 0.28725961538461536 0.14543269230769232 0.19471153846153846 0.2283653846153846
1 0.10336538461538461 0.6911057692307693 0.18990384615384615 0.18269230769230768
1 0.09134615384615384 0.7980769230769231 0.1778846153846154 0.1971153846153846
1 0.2512019230769231 0.8930288461538461 0.17067307692307693 0.2091346153846154
1 0.7908653846153846 0.8377403846153846 0.20673076923076922 0.25961538461538464
1 0.8882211538461539 0.7451923076923077 0.17548076923076922 0.24519230769230768
1 0.9314903846153846 0.6141826923076923 0.13221153846153846 0.2668269230769231
1 0.9387019230769231 0.47115384615384615 0.1201923076923077 0.2644230769230769
1 0.9411057692307693 0.34615384615384615 0.11298076923076923 0.22115384615384615
1 0.9411057692307693 0.24759615384615385 0.11298076923076923 0.22115384615384615
1 0.9038461538461539 0.15144230769230768 0.12980769230769232 0.22115384615384615
1 0.9146634615384616 0.06009615384615385 0.14903846153846154 0.11538461538461539
1 0.6021634615384616 0.9519230769230769 0.15144230769230768 0.09134615384615384
1 0.4951923076923077 0.9266826923076923 0.14903846153846154 0.14182692307692307