1 0.43509615384615385 0.13701923076923078 0.23317307692307693 0.14182692307692307
1 0.6838942307692307 0.42427884615384615 0.23317307692307693 0.1971153846153846
1 0.48677884615384615 0.8930288461538461 0.22115384615384615 0.1466346153846154
1 0.43509615384615385 0.7560096153846154 0.22596153846153846 0.17067307692307693
1 0.8942307692307693 0.6658653846153846 0.20673076923076922 0.1971153846153846
1 0.9290865384615384 0.49759615384615385 0.13942307692307693 0.20192307692307693
1 0.9290865384615384 0.2956730769230769 0.13942307692307693 0.14903846153846154
1 0.9447115384615384 0.16105769230769232 0.10576923076923077 0.12980769230769232
1 0.25600961538461536 0.24759615384615385 0.1778846153846154 0.15384615384615385
1 0.078125 0.41346153846153844 0.15625 0.18028846153846154
1 0.06370192307692307 0.23197115384615385 0.12740384615384615 0.16826923076923078
1 0.06370192307692307 0.6442307692307693 0.12740384615384615 0.16826923076923078
1 0.8533653846153846 0.8581730769230769 0.21153846153846154 0.1346153846153846
1 0.6923076923076923 0.6838942307692307 0.19951923076923078 0.15384615384615385
1 0.2608173076923077 0.8401442307692307 0.21153846153846154 0.16826923076923078
2 0.34975961538461536 0.47115384615384615 0.40865384615384615 0.2932692307692308
0 0.6418269230769231 0.0829326923076923 0.1346153846153846 0.11538461538461539