1 0.6346153846153846 0.4987980769230769 0.17548076923076922 0.1778846153846154
1 0.4699519230769231 0.34975961538461536 0.17548076923076922 0.1778846153846154
1 0.4579326923076923 0.5324519230769231 0.1658653846153846 0.20432692307692307
1 0.4483173076923077 0.90625 0.17067307692307693 0.18269230769230768
1 0.24639423076923078 0.8870192307692307 0.17548076923076922 0.22115384615384615
1 0.5637019230769231 0.7680288461538461 0.18509615384615385 0.21634615384615385
1 0.8822115384615384 0.8389423076923077 0.18269230769230768 0.21153846153846154
1 0.08774038461538461 0.2920673076923077 0.1658653846153846 0.20432692307692307
1 0.41225961538461536 0.12139423076923077 0.1658653846153846 0.20432692307692307
1 0.8641826923076923 0.6935096153846154 0.1658653846153846 0.20432692307692307
1 0.7596153846153846 0.9278846153846154 0.11538461538461539 0.13942307692307693
1 0.08173076923076923 0.07211538461538461 0.13221153846153846 0.13942307692307693
1 0.3004807692307692 0.3233173076923077 0.13701923076923078 0.17307692307692307
1 0.27163461538461536 0.109375 0.11778846153846154 0.16346153846153846
2 0.59375 0.14423076923076922 0.2403846153846154 0.24519230769230768
0 0.5997596153846154 0.31850961538461536 0.0673076923076923 0.09615384615384616
0 0.4254807692307692 0.7716346153846154 0.06971153846153846 0.09615384615384616