1 0.14543269230769232 0.1466346153846154 0.19951923076923078 0.18269230769230768
1 0.18870192307692307 0.3016826923076923 0.21875 0.1875
1 0.5612980769230769 0.42788461538461536 0.21875 0.1875
1 0.5853365384615384 0.14182692307692307 0.1971153846153846 0.16826923076923078
1 0.421875 0.054086538461538464 0.2644230769230769 0.10576923076923077
1 0.4519230769230769 0.2512019230769231 0.25721153846153844 0.18990384615384615
1 0.8413461538461539 0.8533653846153846 0.21875 0.1875
1 0.08653846153846154 0.7872596153846154 0.17307692307692307 0.1778846153846154
1 0.8545673076923077 0.5024038461538461 0.23557692307692307 0.20432692307692307
1 0.8521634615384616 0.21754807692307693 0.28365384615384615 0.20673076923076922
2 0.3401442307692308 0.7055288461538461 0.4855769230769231 0.38461538461538464
0 0.2932692307692308 0.43149038461538464 0.0673076923076923 0.057692307692307696