1 0.6586538461538461 0.7055288461538461 0.21634615384615385 0.20192307692307693
1 0.30408653846153844 0.5456730769230769 0.27884615384615385 0.1971153846153846
1 0.47836538461538464 0.8149038461538461 0.2548076923076923 0.18509615384615385
1 0.1658653846153846 0.29927884615384615 0.22115384615384615 0.22115384615384615
1 0.6418269230769231 0.06009615384615385 0.3173076923076923 0.11538461538461539
1 0.8737980769230769 0.625 0.24759615384615385 0.21634615384615385
1 0.8762019230769231 0.7992788461538461 0.24278846153846154 0.1466346153846154
1 0.31850961538461536 0.9375 0.27163461538461536 0.12259615384615384
1 0.6286057692307693 0.9447115384615384 0.2403846153846154 0.10817307692307693
1 0.9146634615384616 0.9471153846153846 0.16826923076923078 0.10336538461538461
1 0.09975961538461539 0.5901442307692307 0.1971153846153846 0.1971153846153846
0 0.6442307692307693 0.8425480769230769 0.0673076923076923 0.04807692307692308
0 0.49399038461538464 0.6646634615384616 0.10096153846153846 0.08653846153846154
2 0.6262019230769231 0.43990384615384615 0.38221153846153844 0.31971153846153844