1 0.3449519230769231 0.36778846153846156 0.23317307692307693 0.22596153846153846
1 0.37740384615384615 0.9038461538461539 0.2403846153846154 0.1875
1 0.6502403846153846 0.8689903846153846 0.24759615384615385 0.18990384615384615
1 0.8966346153846154 0.9086538461538461 0.20192307692307693 0.18269230769230768
1 0.6766826923076923 0.6646634615384616 0.20192307692307693 0.18028846153846154
1 0.46033653846153844 0.7055288461538461 0.20192307692307693 0.17307692307692307
1 0.5661057692307693 0.4963942307692308 0.27884615384615385 0.14423076923076922
1 0.09375 0.4675480769230769 0.18269230769230768 0.17307692307692307
1 0.14423076923076922 0.7764423076923077 0.23557692307692307 0.20432692307692307
1 0.4411057692307692 0.06490384615384616 0.24759615384615385 0.12740384615384615
1 0.6730769230769231 0.06490384615384616 0.24519230769230768 0.12740384615384615
1 0.20673076923076922 0.23076923076923078 0.24519230769230768 0.16826923076923078
1 0.30649038461538464 0.5661057692307693 0.24519230769230768 0.16826923076923078
1 0.9338942307692307 0.09615384615384616 0.12740384615384615 0.19230769230769232
2 0.8629807692307693 0.5889423076923077 0.2692307692307692 0.375