2 0.5408653846153846 0.8329326923076923 0.28846153846153844 0.3293269230769231
1 0.4230769230769231 0.5336538461538461 0.14903846153846154 0.20432692307692307
1 0.5985576923076923 0.2848557692307692 0.1658653846153846 0.21634615384615385
1 0.39783653846153844 0.24519230769230768 0.1658653846153846 0.21634615384615385
1 0.08173076923076923 0.27884615384615385 0.16346153846153846 0.2644230769230769
1 0.30408653846153844 0.6298076923076923 0.17307692307692307 0.2644230769230769
1 0.052884615384615384 0.6754807692307693 0.10096153846153846 0.25961538461538464
1 0.0625 0.5240384615384616 0.1201923076923077 0.19230769230769232
1 0.19831730769230768 0.40024038461538464 0.13221153846153846 0.1875
1 0.29086538461538464 0.06971153846153846 0.18990384615384615 0.1346153846153846
1 0.3389423076923077 0.4326923076923077 0.1658653846153846 0.21634615384615385
1 0.2644230769230769 0.9314903846153846 0.16826923076923078 0.13221153846153846
1 0.3641826923076923 0.9411057692307693 0.13221153846153846 0.11298076923076923
1 0.6947115384615384 0.5504807692307693 0.16826923076923078 0.21153846153846154
1 0.7487980769230769 0.5192307692307693 0.10336538461538461 0.15625
1 0.9387019230769231 0.5144230769230769 0.1201923076923077 0.22596153846153846
1 0.9158653846153846 0.41466346153846156 0.13942307692307693 0.22355769230769232
1 0.9387019230769231 0.1201923076923077 0.1201923076923077 0.23557692307692307
1 0.9387019230769231 0.8930288461538461 0.12259615384615384 0.2091346153846154
1 0.8293269230769231 0.7487980769230769 0.19471153846153846 0.28365384615384615
1 0.7007211538461539 0.7403846153846154 0.1875 0.22596153846153846
1 0.5144230769230769 0.18028846153846154 0.1971153846153846 0.2620192307692308