2 0.40865384615384615 0.09735576923076923 0.2283653846153846 0.19471153846153846
0 0.90625 0.5516826923076923 0.08413461538461539 0.09615384615384616
1 0.3701923076923077 0.4266826923076923 0.21394230769230768 0.25
1 0.5396634615384616 0.38461538461538464 0.18269230769230768 0.22355769230769232
1 0.5456730769230769 0.16947115384615385 0.18269230769230768 0.22355769230769232
1 0.7115384615384616 0.7379807692307693 0.18269230769230768 0.22355769230769232
1 0.8353365384615384 0.7788461538461539 0.18269230769230768 0.22355769230769232
1 0.6862980769230769 0.9158653846153846 0.17067307692307693 0.16346153846153846
1 0.5949519230769231 0.9447115384615384 0.15865384615384615 0.10576923076923077
1 0.921875 0.9459134615384616 0.15144230769230768 0.10817307692307693
1 0.11538461538461539 0.2860576923076923 0.14182692307692307 0.19471153846153846
1 0.18269230769230768 0.3269230769230769 0.14182692307692307 0.19471153846153846
1 0.2091346153846154 0.46274038461538464 0.14182692307692307 0.19471153846153846
1 0.15144230769230768 0.4987980769230769 0.14182692307692307 0.19471153846153846
1 0.11899038461538461 0.5420673076923077 0.14182692307692307 0.19471153846153846
1 0.08533653846153846 0.6153846153846154 0.16826923076923078 0.21153846153846154
1 0.13221153846153846 0.9242788461538461 0.22355769230769232 0.14903846153846154
1 0.7680288461538461 0.14783653846153846 0.17307692307692307 0.21153846153846154
1 0.9411057692307693 0.28966346153846156 0.11298076923076923 0.23317307692307693
1 0.9194711538461539 0.0985576923076923 0.15625 0.1971153846153846
1 0.5889423076923077 0.7115384615384616 0.18269230769230768 0.21153846153846154
1 0.4182692307692308 0.7247596153846154 0.125 0.1875
1 0.4254807692307692 0.8377403846153846 0.125 0.1875
1 0.5036057692307693 0.9122596153846154 0.17548076923076922 0.17307692307692307