1 0.9014423076923077 0.49158653846153844 0.19230769230769232 0.18028846153846154
1 0.7067307692307693 0.15504807692307693 0.20432692307692307 0.17548076923076922
1 0.0985576923076923 0.7367788461538461 0.19230769230769232 0.17548076923076922
1 0.6550480769230769 0.4098557692307692 0.23557692307692307 0.2091346153846154
1 0.7956730769230769 0.3112980769230769 0.1875 0.17307692307692307
1 0.9146634615384616 0.35096153846153844 0.16826923076923078 0.18269230769230768
1 0.7560096153846154 0.640625 0.20432692307692307 0.17548076923076922
1 0.6286057692307693 0.6646634615384616 0.2403846153846154 0.1658653846153846
1 0.2644230769230769 0.22355769230769232 0.24519230769230768 0.18990384615384615
1 0.07211538461538461 0.25600961538461536 0.13942307692307693 0.1778846153846154
1 0.07932692307692307 0.4254807692307692 0.15384615384615385 0.20673076923076922
1 0.5516826923076923 0.04927884615384615 0.21875 0.09615384615384616
1 0.19110576923076922 0.8737980769230769 0.20192307692307693 0.1466346153846154
1 0.5540865384615384 0.8293269230769231 0.28846153846153844 0.1658653846153846
0 0.13341346153846154 0.5649038461538461 0.08653846153846154 0.052884615384615384
2 0.36899038461538464 0.453125 0.41346153846153844 0.33653846153846156