2 0.24759615384615385 0.6334134615384616 0.40865384615384615 0.3557692307692308
1 0.27163461538461536 0.41225961538461536 0.22355769230769232 0.17548076923076922
1 0.37259615384615385 0.3233173076923077 0.19230769230769232 0.14903846153846154
1 0.5180288461538461 0.10336538461538461 0.20192307692307693 0.18028846153846154
1 0.6322115384615384 0.2247596153846154 0.2644230769230769 0.22115384615384615
1 0.12860576923076922 0.09375 0.2548076923076923 0.16826923076923078
1 0.07572115384615384 0.2512019230769231 0.15144230769230768 0.17067307692307693
1 0.359375 0.9423076923076923 0.25721153846153844 0.11057692307692307
1 0.5252403846153846 0.8521634615384616 0.25240384615384615 0.18269230769230768
1 0.6814903846153846 0.41466346153846156 0.20432692307692307 0.18028846153846154
1 0.8341346153846154 0.3233173076923077 0.22115384615384615 0.19471153846153846
1 0.8137019230769231 0.9375 0.19471153846153846 0.1201923076923077
1 0.9110576923076923 0.828125 0.17307692307692307 0.22115384615384615
1 0.8990384615384616 0.109375 0.1971153846153846 0.1346153846153846
1 0.25961538461538464 0.8497596153846154 0.3173076923076923 0.15625
1 0.6370192307692307 0.5721153846153846 0.25240384615384615 0.1971153846153846
0 0.578125 0.4423076923076923 0.0673076923076923 0.057692307692307696