1 0.6454326923076923 0.6526442307692307 0.16346153846153846 0.2548076923076923
1 0.7163461538461539 0.09975961538461539 0.19230769230769232 0.1971153846153846
1 0.7704326923076923 0.4951923076923077 0.1971153846153846 0.25721153846153844
1 0.8233173076923077 0.27283653846153844 0.19230769230769232 0.18028846153846154
1 0.14543269230769232 0.07211538461538461 0.16346153846153846 0.14182692307692307
1 0.0673076923076923 0.38100961538461536 0.12980769230769232 0.21875
1 0.0673076923076923 0.6141826923076923 0.12980769230769232 0.21875
1 0.5192307692307693 0.8329326923076923 0.20432692307692307 0.24519230769230768
1 0.3641826923076923 0.6382211538461539 0.1778846153846154 0.24278846153846154
1 0.20072115384615385 0.6875 0.1778846153846154 0.24278846153846154
1 0.2439903846153846 0.8088942307692307 0.1778846153846154 0.24278846153846154
1 0.9495192307692307 0.5072115384615384 0.09615384615384616 0.22355769230769232
1 0.21153846153846154 0.42908653846153844 0.15625 0.21153846153846154
2 0.4483173076923077 0.375 0.36538461538461536 0.4855769230769231