1 0.3737980769230769 0.5036057692307693 0.17548076923076922 0.1778846153846154
1 0.5384615384615384 0.3545673076923077 0.17548076923076922 0.1778846153846154
1 0.5492788461538461 0.5360576923076923 0.1658653846153846 0.20432692307692307
1 0.5612980769230769 0.9086538461538461 0.17067307692307693 0.1778846153846154
1 0.7632211538461539 0.8894230769230769 0.17548076923076922 0.21634615384615385
1 0.44350961538461536 0.7728365384615384 0.18509615384615385 0.21634615384615385
1 0.12620192307692307 0.84375 0.18269230769230768 0.21153846153846154
1 0.9158653846153846 0.2956730769230769 0.16346153846153846 0.21153846153846154
1 0.5961538461538461 0.125 0.1658653846153846 0.20432692307692307
1 0.14423076923076922 0.6983173076923077 0.1658653846153846 0.20432692307692307
1 0.25 0.9314903846153846 0.11057692307692307 0.1346153846153846
1 0.9266826923076923 0.07451923076923077 0.12980769230769232 0.14423076923076922
1 0.7079326923076923 0.328125 0.13701923076923078 0.17307692307692307
1 0.7367788461538461 0.1141826923076923 0.11778846153846154 0.16346153846153846
2 0.41346153846153844 0.14903846153846154 0.2403846153846154 0.24519230769230768
0 0.40865384615384615 0.32211538461538464 0.0673076923076923 0.09615384615384616
0 0.5817307692307693 0.7752403846153846 0.0673076923076923 0.09615384615384616