2 0.5793269230769231 0.7067307692307693 0.38461538461538464 0.2932692307692308
0 0.41586538461538464 0.8653846153846154 0.08173076923076923 0.07211538461538461
0 0.4579326923076923 0.9050480769230769 0.08173076923076923 0.07211538461538461
0 0.015625 0.45552884615384615 0.026442307692307692 0.06971153846153846
1 0.8786057692307693 0.8137019230769231 0.23076923076923078 0.2091346153846154
1 0.11057692307692307 0.10817307692307693 0.21634615384615385 0.21634615384615385
1 0.8473557692307693 0.34975961538461536 0.30288461538461536 0.2091346153846154
1 0.7608173076923077 0.19471153846153846 0.16826923076923078 0.1971153846153846
1 0.29447115384615385 0.4639423076923077 0.20192307692307693 0.1875
1 0.23197115384615385 0.5997596153846154 0.20192307692307693 0.1875
1 0.8485576923076923 0.6069711538461539 0.20192307692307693 0.18990384615384615
1 0.7487980769230769 0.5240384615384616 0.23557692307692307 0.19951923076923078
1 0.8930288461538461 0.06490384615384616 0.2091346153846154 0.125
1 0.5793269230769231 0.12259615384615384 0.23557692307692307 0.2283653846153846
1 0.4170673076923077 0.10336538461538461 0.19230769230769232 0.1971153846153846
1 0.38341346153846156 0.32211538461538464 0.2091346153846154 0.1971153846153846
1 0.3389423076923077 0.7608173076923077 0.21394230769230768 0.21394230769230768
1 0.20072115384615385 0.9026442307692307 0.21875 0.18990384615384615