1 0.3088942307692308 0.0985576923076923 0.23076923076923078 0.17307692307692307
1 0.6454326923076923 0.7199519230769231 0.23076923076923078 0.1971153846153846
1 0.8954326923076923 0.734375 0.20673076923076922 0.19951923076923078
1 0.11177884615384616 0.9182692307692307 0.22355769230769232 0.15865384615384615
1 0.42427884615384615 0.5985576923076923 0.20432692307692307 0.14903846153846154
1 0.2548076923076923 0.7872596153846154 0.21153846153846154 0.17307692307692307
1 0.5865384615384616 0.21995192307692307 0.21153846153846154 0.17307692307692307
1 0.6165865384615384 0.12860576923076922 0.22596153846153846 0.19230769230769232
1 0.23918269230769232 0.3088942307692308 0.22596153846153846 0.16826923076923078
1 0.4362980769230769 0.6682692307692307 0.18269230769230768 0.14182692307692307
2 0.8954326923076923 0.27283653846153844 0.20673076923076922 0.27163461538461536
2 0.7127403846153846 0.44350961538461536 0.5192307692307693 0.3605769230769231