1 0.44350961538461536 0.18269230769230768 0.21634615384615385 0.15625
1 0.22235576923076922 0.37259615384615385 0.21634615384615385 0.15625
1 0.2704326923076923 0.23076923076923078 0.16346153846153846 0.15144230769230768
1 0.5144230769230769 0.34375 0.23076923076923078 0.17548076923076922
1 0.38341346153846156 0.46634615384615385 0.23557692307692307 0.20432692307692307
1 0.8569711538461539 0.7728365384615384 0.1971153846153846 0.1778846153846154
1 0.9086538461538461 0.890625 0.1778846153846154 0.16105769230769232
1 0.6370192307692307 0.765625 0.22355769230769232 0.2091346153846154
1 0.3605769230769231 0.8677884615384616 0.22355769230769232 0.16105769230769232
1 0.16105769230769232 0.11899038461538461 0.22355769230769232 0.22596153846153846
1 0.4483173076923077 0.6382211538461539 0.2548076923076923 0.16105769230769232
2 0.8016826923076923 0.36538461538461536 0.3918269230769231 0.3870192307692308
0 0.13581730769230768 0.28365384615384615 0.0673076923076923 0.052884615384615384