1 0.5336538461538461 0.4387019230769231 0.17067307692307693 0.22115384615384615
1 0.18389423076923078 0.8353365384615384 0.14903846153846154 0.20192307692307693
1 0.07572115384615384 0.5168269230769231 0.14903846153846154 0.22115384615384615
1 0.8918269230769231 0.7235576923076923 0.16346153846153846 0.23076923076923078
1 0.3173076923076923 0.4074519230769231 0.16346153846153846 0.23076923076923078
1 0.8341346153846154 0.49038461538461536 0.16346153846153846 0.23076923076923078
1 0.4567307692307692 0.9194711538461539 0.17307692307692307 0.15625
1 0.6802884615384616 0.34375 0.16826923076923078 0.1875
1 0.4026442307692308 0.09735576923076923 0.1778846153846154 0.18990384615384615
1 0.5949519230769231 0.07091346153846154 0.21634615384615385 0.1346153846153846
1 0.8209134615384616 0.12139423076923077 0.17307692307692307 0.23798076923076922
2 0.6610576923076923 0.7403846153846154 0.35096153846153844 0.4326923076923077
2 0.3894230769230769 0.6538461538461539 0.25 0.3125
0 0.016826923076923076 0.16105769230769232 0.028846153846153848 0.07211538461538461