1 0.1310096153846154 0.5612980769230769 0.23076923076923078 0.17307692307692307
1 0.5889423076923077 0.5144230769230769 0.2283653846153846 0.17307692307692307
1 0.5901442307692307 0.8004807692307693 0.2283653846153846 0.17307692307692307
1 0.2956730769230769 0.7560096153846154 0.34615384615384615 0.2283653846153846
1 0.7632211538461539 0.1658653846153846 0.24519230769230768 0.20432692307692307
1 0.6887019230769231 0.2848557692307692 0.22596153846153846 0.18028846153846154
1 0.7764423076923077 0.6706730769230769 0.2283653846153846 0.17307692307692307
1 0.59375 0.16346153846153846 0.22596153846153846 0.18028846153846154
1 0.7716346153846154 0.9050480769230769 0.2283653846153846 0.17548076923076922
2 0.8713942307692307 0.4483173076923077 0.2548076923076923 0.27163461538461536
0 0.47836538461538464 0.6911057692307693 0.07692307692307693 0.06971153846153846
0 0.037259615384615384 0.7944711538461539 0.06971153846153846 0.0673076923076923