1 0.6802884615384616 0.9567307692307693 0.22596153846153846 0.08173076923076923
1 0.8497596153846154 0.6334134615384616 0.22115384615384615 0.20673076923076922
1 0.5661057692307693 0.7884615384615384 0.22596153846153846 0.15865384615384615
1 0.4807692307692308 0.11538461538461539 0.25 0.16826923076923078
1 0.9194711538461539 0.3762019230769231 0.15865384615384615 0.15384615384615385
1 0.9158653846153846 0.828125 0.16346153846153846 0.17548076923076922
1 0.10096153846153846 0.9387019230769231 0.1971153846153846 0.11778846153846154
1 0.4963942307692308 0.2932692307692308 0.22115384615384615 0.16826923076923078
1 0.6117788461538461 0.6225961538461539 0.23317307692307693 0.20673076923076922
1 0.7620192307692307 0.45072115384615385 0.22115384615384615 0.1875
1 0.40384615384615385 0.8088942307692307 0.15865384615384615 0.12740384615384615
2 0.32211538461538464 0.5120192307692307 0.47596153846153844 0.37259615384615385