1 0.4675480769230769 0.2548076923076923 0.23798076923076922 0.23557692307692307
1 0.7007211538461539 0.34134615384615385 0.2644230769230769 0.20673076923076922
1 0.8942307692307693 0.4639423076923077 0.20673076923076922 0.1778846153846154
1 0.7908653846153846 0.6274038461538461 0.25 0.1658653846153846
1 0.6081730769230769 0.6875 0.25 0.1658653846153846
1 0.7103365384615384 0.8413461538461539 0.24519230769230768 0.15384615384615385
1 0.38100961538461536 0.734375 0.20192307692307693 0.21875
1 0.22355769230769232 0.6033653846153846 0.21634615384615385 0.15144230769230768
1 0.17668269230769232 0.29086538461538464 0.19230769230769232 0.17307692307692307
1 0.9326923076923077 0.20432692307692307 0.12980769230769232 0.17067307692307693
2 0.1201923076923077 0.7728365384615384 0.23557692307692307 0.3798076923076923