2 0.5925480769230769 0.8257211538461539 0.30528846153846156 0.34375
1 0.3317307692307692 0.6971153846153846 0.23317307692307693 0.21634615384615385
1 0.3786057692307692 0.9399038461538461 0.18509615384615385 0.11538461538461539
1 0.9350961538461539 0.7403846153846154 0.125 0.24519230769230768
1 0.23677884615384615 0.859375 0.16826923076923078 0.22115384615384615
1 0.1346153846153846 0.5084134615384616 0.14903846153846154 0.1971153846153846
1 0.5180288461538461 0.5685096153846154 0.14903846153846154 0.1971153846153846
1 0.6165865384615384 0.5661057692307693 0.14903846153846154 0.1971153846153846
1 0.6947115384615384 0.5913461538461539 0.14903846153846154 0.1971153846153846
1 0.7283653846153846 0.6382211538461539 0.14903846153846154 0.1971153846153846
1 0.8161057692307693 0.6862980769230769 0.14903846153846154 0.1971153846153846
1 0.9134615384615384 0.3161057692307692 0.14903846153846154 0.1971153846153846
1 0.9447115384615384 0.5060096153846154 0.10817307692307693 0.23798076923076922
1 0.4879807692307692 0.04326923076923077 0.14903846153846154 0.08173076923076923
1 0.5444711538461539 0.39903846153846156 0.1875 0.1875
1 0.32572115384615385 0.17307692307692307 0.14903846153846154 0.17307692307692307
1 0.04326923076923077 0.4110576923076923 0.08653846153846154 0.28365384615384615
1 0.14423076923076922 0.16947115384615385 0.19230769230769232 0.27403846153846156
1 0.078125 0.7884615384615384 0.15625 0.27403846153846156
1 0.06610576923076923 0.9146634615384616 0.13221153846153846 0.1658653846153846
1 0.4170673076923077 0.5084134615384616 0.14903846153846154 0.1971153846153846
1 0.41346153846153844 0.35336538461538464 0.14903846153846154 0.1971153846153846