2 0.42427884615384615 0.2980769230769231 0.2980769230769231 0.2692307692307692
1 0.7271634615384616 0.49399038461538464 0.24519230769230768 0.20673076923076922
1 0.5721153846153846 0.140625 0.20673076923076922 0.15384615384615385
1 0.7584134615384616 0.11658653846153846 0.22596153846153846 0.22115384615384615
1 0.1658653846153846 0.3918269230769231 0.22115384615384615 0.16826923076923078
1 0.13942307692307693 0.26802884615384615 0.22115384615384615 0.16826923076923078
1 0.14423076923076922 0.20673076923076922 0.22115384615384615 0.16826923076923078
1 0.14423076923076922 0.09495192307692307 0.22115384615384615 0.16826923076923078
1 0.24759615384615385 0.5817307692307693 0.22115384615384615 0.16826923076923078
1 0.25841346153846156 0.7584134615384616 0.22115384615384615 0.16826923076923078
1 0.49399038461538464 0.8701923076923077 0.22115384615384615 0.16826923076923078
1 0.8954326923076923 0.8641826923076923 0.20432692307692307 0.19471153846153846
1 0.9122596153846154 0.6730769230769231 0.17067307692307693 0.1971153846153846
1 0.9122596153846154 0.265625 0.17067307692307693 0.19951923076923078
1 0.765625 0.29927884615384615 0.2091346153846154 0.19230769230769232
0 0.9495192307692307 0.03245192307692308 0.09615384615384616 0.06009615384615385
0 0.3605769230769231 0.9194711538461539 0.0673076923076923 0.057692307692307696
1 0.5396634615384616 0.7115384615384616 0.24519230769230768 0.20673076923076922
1 0.09014423076923077 0.8629807692307693 0.1778846153846154 0.14423076923076922