2 0.4254807692307692 0.7319711538461539 0.25240384615384615 0.31009615384615385
1 0.35096153846153844 0.4266826923076923 0.17548076923076922 0.27403846153846156
1 0.08774038461538461 0.14903846153846154 0.17067307692307693 0.27884615384615385
1 0.23317307692307693 0.2980769230769231 0.1778846153846154 0.24759615384615385
1 0.15264423076923078 0.4423076923076923 0.17548076923076922 0.24759615384615385
1 0.22235576923076922 0.5889423076923077 0.1778846153846154 0.24759615384615385
1 0.13822115384615385 0.6454326923076923 0.17548076923076922 0.24759615384615385
1 0.08533653846153846 0.8209134615384616 0.1658653846153846 0.22355769230769232
1 0.5685096153846154 0.9158653846153846 0.17307692307692307 0.16346153846153846
1 0.7175480769230769 0.7632211538461539 0.17548076923076922 0.22115384615384615
1 0.8185096153846154 0.7560096153846154 0.12980769230769232 0.23557692307692307
1 0.8870192307692307 0.7019230769230769 0.19230769230769232 0.2860576923076923
1 0.96875 0.6069711538461539 0.06009615384615385 0.24519230769230768
1 0.9615384615384616 0.9026442307692307 0.07211538461538461 0.18990384615384615
1 0.9158653846153846 0.25961538461538464 0.16346153846153846 0.1971153846153846
1 0.75 0.26802884615384615 0.2644230769230769 0.27403846153846156
1 0.5901442307692307 0.0733173076923077 0.17548076923076922 0.14182692307692307
1 0.4855769230769231 0.36778846153846156 0.17067307692307693 0.19471153846153846
1 0.6069711538461539 0.5661057692307693 0.17067307692307693 0.19471153846153846
0 0.2692307692307692 0.7427884615384616 0.06009615384615385 0.10096153846153846
0 0.20552884615384615 0.7752403846153846 0.06009615384615385 0.10096153846153846
0 0.31009615384615385 0.9098557692307693 0.06009615384615385 0.10096153846153846
1 0.23317307692307693 0.06009615384615385 0.1971153846153846 0.1201923076923077