1 0.0985576923076923 0.8161057692307693 0.1971153846153846 0.18269230769230768
1 0.32211538461538464 0.7427884615384616 0.20673076923076922 0.17548076923076922
1 0.9375 0.8125 0.1201923076923077 0.23557692307692307
1 0.8052884615384616 0.5096153846153846 0.2644230769230769 0.17307692307692307
1 0.36778846153846156 0.546875 0.20673076923076922 0.18269230769230768
1 0.5456730769230769 0.9302884615384616 0.2692307692307692 0.13701923076923078
1 0.6610576923076923 0.8713942307692307 0.21634615384615385 0.20432692307692307
1 0.4567307692307692 0.2704326923076923 0.17307692307692307 0.13942307692307693
1 0.5324519230769231 0.08533653846153846 0.18509615384615385 0.1658653846153846
1 0.8353365384615384 0.14543269230769232 0.25 0.1971153846153846
2 0.2091346153846154 0.31490384615384615 0.23076923076923078 0.19471153846153846
1 0.33413461538461536 0.9507211538461539 0.19951923076923078 0.09615384615384616
1 0.9290865384615384 0.5252403846153846 0.13701923076923078 0.15865384615384615
1 0.8173076923076923 0.35096153846153844 0.20192307692307693 0.14903846153846154