1 0.9615384615384616 0.8557692307692307 0.07211538461538461 0.22115384615384615
1 0.8930288461538461 0.6971153846153846 0.1778846153846154 0.23798076923076922
1 0.7451923076923077 0.5757211538461539 0.1778846153846154 0.23798076923076922
1 0.7151442307692307 0.8966346153846154 0.18028846153846154 0.20192307692307693
1 0.5949519230769231 0.7415865384615384 0.16346153846153846 0.21394230769230768
1 0.48677884615384615 0.8978365384615384 0.16105769230769232 0.20192307692307693
1 0.2091346153846154 0.6526442307692307 0.19230769230769232 0.24278846153846154
1 0.25721153846153844 0.3918269230769231 0.18990384615384615 0.24759615384615385
1 0.8389423076923077 0.203125 0.1778846153846154 0.24759615384615385
1 0.22956730769230768 0.125 0.18028846153846154 0.24519230769230768
1 0.4110576923076923 0.6706730769230769 0.19230769230769232 0.24278846153846154
1 0.24879807692307693 0.9182692307692307 0.17548076923076922 0.15865384615384615
1 0.051682692307692304 0.8353365384615384 0.10096153846153846 0.24759615384615385
2 0.5841346153846154 0.29927884615384615 0.3918269230769231 0.5048076923076923
0 0.10216346153846154 0.3942307692307692 0.1346153846153846 0.15865384615384615
0 0.1310096153846154 0.028846153846153848 0.08413461538461539 0.052884615384615384