2 0.8557692307692307 0.6298076923076923 0.28365384615384615 0.27403846153846156
1 0.6694711538461539 0.20673076923076922 0.2644230769230769 0.17307692307692307
1 0.6141826923076923 0.5048076923076923 0.2644230769230769 0.17307692307692307
1 0.44591346153846156 0.390625 0.31971153846153844 0.15384615384615385
1 0.4375 0.234375 0.25 0.16105769230769232
1 0.6141826923076923 0.7103365384615384 0.25 0.16105769230769232
1 0.3137019230769231 0.6850961538461539 0.25 0.16105769230769232
1 0.09975961538461539 0.5889423076923077 0.1971153846153846 0.1778846153846154
1 0.171875 0.11057692307692307 0.2692307692307692 0.1971153846153846
1 0.890625 0.8990384615384616 0.21394230769230768 0.18269230769230768
1 0.5600961538461539 0.9723557692307693 0.23557692307692307 0.052884615384615384
1 0.2776442307692308 0.9651442307692307 0.3125 0.0673076923076923
1 0.15504807692307693 0.8834134615384616 0.23076923076923078 0.15865384615384615
1 0.12620192307692307 0.7439903846153846 0.24759615384615385 0.20192307692307693
1 0.35096153846153844 0.07211538461538461 0.24759615384615385 0.14182692307692307
1 0.42908653846153844 0.8737980769230769 0.2644230769230769 0.17307692307692307