1 0.36899038461538464 0.7007211538461539 0.23317307692307693 0.18028846153846154
1 0.7536057692307693 0.35336538461538464 0.23317307692307693 0.18028846153846154
1 0.2848557692307692 0.27884615384615385 0.23317307692307693 0.18028846153846154
1 0.5072115384615384 0.4362980769230769 0.24519230769230768 0.11538461538461539
1 0.6069711538461539 0.6802884615384616 0.2403846153846154 0.19230769230769232
1 0.12860576923076922 0.4855769230769231 0.22596153846153846 0.16826923076923078
1 0.1622596153846154 0.6754807692307693 0.20432692307692307 0.19951923076923078
1 0.44350961538461536 0.13221153846153846 0.23317307692307693 0.18028846153846154
1 0.10817307692307693 0.1658653846153846 0.21153846153846154 0.15865384615384615
1 0.9230769230769231 0.4014423076923077 0.14903846153846154 0.18269230769230768
1 0.5108173076923077 0.5084134615384616 0.23076923076923078 0.18028846153846154
1 0.171875 0.8016826923076923 0.20192307692307693 0.19230769230769232
2 0.8329326923076923 0.6237980769230769 0.3293269230769231 0.3389423076923077