2 0.5384615384615384 0.10336538461538461 0.3173076923076923 0.20192307692307693
1 0.6418269230769231 0.25841346153846156 0.2644230769230769 0.17548076923076922
1 0.3269230769230769 0.27884615384615385 0.23076923076923078 0.12980769230769232
1 0.33533653846153844 0.359375 0.23076923076923078 0.12980769230769232
1 0.18389423076923078 0.3449519230769231 0.1875 0.11298076923076923
1 0.671875 0.5216346153846154 0.23557692307692307 0.14903846153846154
1 0.9206730769230769 0.5865384615384616 0.15384615384615385 0.17307692307692307
1 0.9206730769230769 0.6442307692307693 0.15384615384615385 0.17307692307692307
1 0.5973557692307693 0.6634615384615384 0.22115384615384615 0.15865384615384615
1 0.49278846153846156 0.7980769230769231 0.22115384615384615 0.15865384615384615
1 0.4567307692307692 0.5540865384615384 0.22596153846153846 0.18990384615384615
1 0.9050480769230769 0.8004807692307693 0.1875 0.16346153846153846
1 0.7836538461538461 0.04807692307692308 0.23076923076923078 0.09134615384615384
1 0.2439903846153846 0.042067307692307696 0.2860576923076923 0.07932692307692307
1 0.07211538461538461 0.5637019230769231 0.14423076923076922 0.21875
1 0.5949519230769231 0.8677884615384616 0.22115384615384615 0.15865384615384615
1 0.6899038461538461 0.84375 0.22115384615384615 0.15865384615384615
1 0.8149038461538461 0.8233173076923077 0.22115384615384615 0.15865384615384615
1 0.8533653846153846 0.9519230769230769 0.21875 0.09134615384615384
1 0.1466346153846154 0.9134615384615384 0.2932692307692308 0.16826923076923078
1 0.17548076923076922 0.7908653846153846 0.27163461538461536 0.18509615384615385
0 0.2127403846153846 0.5721153846153846 0.10096153846153846 0.0673076923076923
0 0.20192307692307693 0.6670673076923077 0.10096153846153846 0.06971153846153846
0 0.06370192307692307 0.4963942307692308 0.10096153846153846 0.0673076923076923
1 0.3485576923076923 0.5276442307692307 0.23076923076923078 0.18028846153846154