2 0.17307692307692307 0.27524038461538464 0.34134615384615385 0.35096153846153844
1 0.14783653846153846 0.625 0.1971153846153846 0.15865384615384615
1 0.5060096153846154 0.15144230769230768 0.2548076923076923 0.14903846153846154
1 0.0829326923076923 0.7800480769230769 0.16346153846153846 0.14182692307692307
1 0.6490384615384616 0.7980769230769231 0.17067307692307693 0.13942307692307693
1 0.3016826923076923 0.7872596153846154 0.17067307692307693 0.13942307692307693
1 0.30649038461538464 0.7307692307692307 0.21153846153846154 0.14423076923076922
1 0.171875 0.5084134615384616 0.23076923076923078 0.14423076923076922
1 0.7788461538461539 0.9302884615384616 0.20673076923076922 0.1346153846153846
1 0.7175480769230769 0.8389423076923077 0.20673076923076922 0.1466346153846154
1 0.5637019230769231 0.6418269230769231 0.17307692307692307 0.0985576923076923
1 0.5384615384615384 0.5697115384615384 0.19951923076923078 0.10576923076923077
1 0.7728365384615384 0.5492788461538461 0.23076923076923078 0.18509615384615385
1 0.9326923076923077 0.5540865384615384 0.12980769230769232 0.17067307692307693
1 0.8401442307692307 0.6274038461538461 0.23798076923076922 0.1658653846153846
1 0.9038461538461539 0.2920673076923077 0.1875 0.17548076923076922
1 0.7992788461538461 0.07572115384615384 0.27163461538461536 0.15144230769230768
1 0.5637019230769231 0.3293269230769231 0.22115384615384615 0.1466346153846154
1 0.453125 0.8149038461538461 0.23557692307692307 0.16346153846153846