1 0.1622596153846154 0.734375 0.18269230769230768 0.18509615384615385
1 0.22235576923076922 0.9134615384615384 0.18509615384615385 0.16826923076923078
1 0.09254807692307693 0.5096153846153846 0.18028846153846154 0.1346153846153846
1 0.703125 0.8990384615384616 0.23798076923076922 0.1971153846153846
1 0.5348557692307693 0.7776442307692307 0.23317307692307693 0.20192307692307693
1 0.5204326923076923 0.09375 0.23557692307692307 0.18509615384615385
1 0.5504807692307693 0.19951923076923078 0.23317307692307693 0.20192307692307693
1 0.47836538461538464 0.45913461538461536 0.18028846153846154 0.16346153846153846
1 0.9026442307692307 0.8641826923076923 0.18990384615384615 0.2091346153846154
1 0.7524038461538461 0.0673076923076923 0.23317307692307693 0.13221153846153846
1 0.14423076923076922 0.06370192307692307 0.27403846153846156 0.125
1 0.057692307692307696 0.28725961538461536 0.11057692307692307 0.16826923076923078
0 0.8112980769230769 0.6237980769230769 0.09375 0.06490384615384616
0 0.8858173076923077 0.11778846153846154 0.11057692307692307 0.07211538461538461
2 0.8161057692307693 0.4266826923076923 0.36538461538461536 0.34615384615384615