1 0.8858173076923077 0.7800480769230769 0.1875 0.27884615384615385
1 0.41225961538461536 0.8774038461538461 0.1875 0.2403846153846154
1 0.09735576923076923 0.6189903846153846 0.19230769230769232 0.25240384615384615
1 0.13221153846153846 0.40625 0.20673076923076922 0.23076923076923078
1 0.04447115384615385 0.15745192307692307 0.08653846153846154 0.2764423076923077
1 0.1622596153846154 0.16105769230769232 0.15144230769230768 0.25240384615384615
1 0.3401442307692308 0.0985576923076923 0.2091346153846154 0.1971153846153846
1 0.3329326923076923 0.28966346153846156 0.19230769230769232 0.20192307692307693
1 0.5600961538461539 0.24879807692307693 0.19230769230769232 0.20192307692307693
1 0.3137019230769231 0.5168269230769231 0.15865384615384615 0.21634615384615385
1 0.16466346153846154 0.9098557692307693 0.16346153846153846 0.1778846153846154
1 0.6165865384615384 0.9242788461538461 0.16826923076923078 0.14903846153846154
1 0.6754807692307693 0.7548076923076923 0.18269230769230768 0.20432692307692307
1 0.8966346153846154 0.3233173076923077 0.20192307692307693 0.24759615384615385
2 0.4987980769230769 0.5588942307692307 0.34615384615384615 0.4951923076923077