1 0.46274038461538464 0.7175480769230769 0.17067307692307693 0.21634615384615385
1 0.59375 0.6730769230769231 0.13942307692307693 0.1778846153846154
1 0.8629807692307693 0.22596153846153846 0.13942307692307693 0.2620192307692308
1 0.09134615384615384 0.35697115384615385 0.17067307692307693 0.21634615384615385
1 0.6610576923076923 0.44471153846153844 0.17307692307692307 0.22115384615384615
1 0.5360576923076923 0.4543269230769231 0.15384615384615385 0.20432692307692307
1 0.4411057692307692 0.4639423076923077 0.15625 0.19230769230769232
1 0.6730769230769231 0.8689903846153846 0.15625 0.19230769230769232
1 0.9435096153846154 0.5108173076923077 0.10817307692307693 0.21875
1 0.7115384615384616 0.6766826923076923 0.15625 0.19471153846153846
1 0.23557692307692307 0.35216346153846156 0.14903846153846154 0.22115384615384615
1 0.18389423076923078 0.6069711538461539 0.1875 0.23076923076923078
1 0.24519230769230768 0.8052884615384616 0.1875 0.23076923076923078
2 0.4254807692307692 0.18509615384615385 0.3798076923076923 0.3701923076923077