1 0.65625 0.3329326923076923 0.18269230769230768 0.23798076923076922
1 0.33533653846153844 0.3870192307692308 0.18028846153846154 0.14903846153846154
1 0.2920673076923077 0.6358173076923077 0.18269230769230768 0.15865384615384615
1 0.4026442307692308 0.5264423076923077 0.18269230769230768 0.15865384615384615
1 0.28725961538461536 0.28125 0.23557692307692307 0.15384615384615385
1 0.4951923076923077 0.7019230769230769 0.21394230769230768 0.15384615384615385
1 0.8197115384615384 0.44350961538461536 0.18269230769230768 0.15865384615384615
1 0.8665865384615384 0.33533653846153844 0.18269230769230768 0.15865384615384615
1 0.7800480769230769 0.19951923076923078 0.23317307692307693 0.15865384615384615
1 0.49158653846153844 0.9266826923076923 0.18990384615384615 0.14182692307692307
1 0.890625 0.9459134615384616 0.21875 0.10336538461538461
1 0.10336538461538461 0.9122596153846154 0.16105769230769232 0.16346153846153846
1 0.5576923076923077 0.06129807692307692 0.18028846153846154 0.1201923076923077
1 0.23677884615384615 0.06129807692307692 0.18028846153846154 0.1201923076923077
1 0.0625 0.16706730769230768 0.1201923076923077 0.15865384615384615
1 0.6382211538461539 0.7668269230769231 0.22115384615384615 0.15865384615384615
2 0.8894230769230769 0.6766826923076923 0.21634615384615385 0.23317307692307693
0 0.5829326923076923 0.9122596153846154 0.055288461538461536 0.04567307692307692