1 0.7836538461538461 0.6622596153846154 0.1466346153846154 0.1971153846153846
1 0.7872596153846154 0.8076923076923077 0.1466346153846154 0.1971153846153846
1 0.39903846153846156 0.8834134615384616 0.15384615384615385 0.2283653846153846
1 0.5012019230769231 0.78125 0.15384615384615385 0.23557692307692307
1 0.32091346153846156 0.46875 0.12980769230769232 0.22355769230769232
1 0.40384615384615385 0.23557692307692307 0.16346153846153846 0.2692307692307692
1 0.171875 0.3786057692307692 0.15625 0.22115384615384615
1 0.9362980769230769 0.46274038461538464 0.125 0.21634615384615385
1 0.140625 0.7367788461538461 0.16826923076923078 0.21153846153846154
1 0.8762019230769231 0.21754807692307693 0.17067307692307693 0.21153846153846154
1 0.6862980769230769 0.1045673076923077 0.17307692307692307 0.2091346153846154
1 0.23076923076923078 0.13701923076923078 0.14182692307692307 0.18509615384615385
1 0.06971153846153846 0.15264423076923078 0.13942307692307693 0.1875
1 0.47115384615384615 0.6081730769230769 0.1658653846153846 0.18509615384615385
1 0.0625 0.3894230769230769 0.125 0.21153846153846154
1 0.2247596153846154 0.5685096153846154 0.1201923076923077 0.19230769230769232
2 0.6466346153846154 0.3894230769230769 0.4519230769230769 0.4110576923076923