1 0.08173076923076923 0.6634615384615384 0.16346153846153846 0.2283653846153846
1 0.5180288461538461 0.9050480769230769 0.18509615384615385 0.18509615384615385
1 0.7379807692307693 0.8293269230769231 0.1875 0.24759615384615385
1 0.9399038461538461 0.4387019230769231 0.11778846153846154 0.2403846153846154
1 0.78125 0.41586538461538464 0.16346153846153846 0.21634615384615385
1 0.49038461538461536 0.5697115384615384 0.1778846153846154 0.23076923076923078
1 0.49399038461538464 0.38100961538461536 0.1778846153846154 0.2692307692307692
1 0.4014423076923077 0.23798076923076922 0.1971153846153846 0.20192307692307693
1 0.5420673076923077 0.10697115384615384 0.19951923076923078 0.21153846153846154
1 0.2668269230769231 0.5396634615384616 0.23076923076923078 0.30528846153846156
1 0.8389423076923077 0.6370192307692307 0.22596153846153846 0.2620192307692308
1 0.4110576923076923 0.7572115384615384 0.18269230769230768 0.2283653846153846
2 0.7920673076923077 0.14543269230769232 0.3605769230769231 0.2860576923076923