1 0.8629807692307693 0.27884615384615385 0.1201923076923077 0.2932692307692308
1 0.7439903846153846 0.6598557692307693 0.18269230769230768 0.21153846153846154
1 0.9362980769230769 0.5360576923076923 0.12259615384615384 0.22115384615384615
1 0.6009615384615384 0.2644230769230769 0.1658653846153846 0.21634615384615385
1 0.6009615384615384 0.09375 0.15865384615384615 0.18269230769230768
1 0.2127403846153846 0.4050480769230769 0.1658653846153846 0.20192307692307693
1 0.43990384615384615 0.5396634615384616 0.18269230769230768 0.20432692307692307
1 0.48197115384615385 0.8028846153846154 0.17307692307692307 0.2403846153846154
1 0.18629807692307693 0.9362980769230769 0.17067307692307693 0.12259615384615384
1 0.31850961538461536 0.8269230769230769 0.15865384615384615 0.20432692307692307
1 0.3293269230769231 0.6057692307692307 0.14903846153846154 0.25
1 0.08653846153846154 0.34375 0.1346153846153846 0.1971153846153846
1 0.9266826923076923 0.8473557692307693 0.14182692307692307 0.23317307692307693
1 0.7800480769230769 0.9074519230769231 0.16105769230769232 0.18028846153846154
1 0.6382211538461539 0.921875 0.1466346153846154 0.15144230769230768
0 0.9939903846153846 0.38341346153846156 0.007211538461538462 0.07932692307692307
0 0.37740384615384615 0.44591346153846156 0.0673076923076923 0.06490384615384616
2 0.31850961538461536 0.17067307692307693 0.4182692307692308 0.33653846153846156