1 0.5504807692307693 0.8497596153846154 0.2403846153846154 0.22596153846153846
1 0.6286057692307693 0.609375 0.19230769230769232 0.14423076923076922
1 0.8425480769230769 0.6850961538461539 0.19230769230769232 0.17067307692307693
1 0.41466346153846156 0.41586538461538464 0.20192307692307693 0.17067307692307693
1 0.09134615384615384 0.7259615384615384 0.18269230769230768 0.17307692307692307
1 0.17908653846153846 0.36899038461538464 0.20192307692307693 0.17067307692307693
1 0.7872596153846154 0.39302884615384615 0.20192307692307693 0.17067307692307693
1 0.7704326923076923 0.8798076923076923 0.20432692307692307 0.1778846153846154
1 0.9423076923076923 0.8677884615384616 0.11057692307692307 0.17307692307692307
1 0.5793269230769231 0.04326923076923077 0.18269230769230768 0.08653846153846154
2 0.3954326923076923 0.11658653846153846 0.2620192307692308 0.23317307692307693