2 0.08653846153846154 0.4098557692307692 0.16826923076923078 0.23317307692307693
0 0.5276442307692307 0.9098557692307693 0.09615384615384616 0.08413461538461539
1 0.4026442307692308 0.3713942307692308 0.25 0.21394230769230768
1 0.359375 0.5408653846153846 0.22355769230769232 0.18269230769230768
1 0.14423076923076922 0.5480769230769231 0.22355769230769232 0.18269230769230768
1 0.7151442307692307 0.7139423076923077 0.22355769230769232 0.18269230769230768
1 0.7560096153846154 0.8377403846153846 0.22355769230769232 0.18269230769230768
1 0.9050480769230769 0.6887019230769231 0.18509615384615385 0.17067307692307693
1 0.9326923076923077 0.5973557692307693 0.12980769230769232 0.15865384615384615
1 0.9314903846153846 0.9242788461538461 0.13221153846153846 0.15144230769230768
1 0.2620192307692308 0.11658653846153846 0.1971153846153846 0.14182692307692307
1 0.30288461538461536 0.18389423076923078 0.1971153846153846 0.14182692307692307
1 0.4387019230769231 0.2091346153846154 0.1971153846153846 0.14182692307692307
1 0.47475961538461536 0.15144230769230768 0.1971153846153846 0.14182692307692307
1 0.5180288461538461 0.11899038461538461 0.1971153846153846 0.14182692307692307
1 0.5913461538461539 0.08533653846153846 0.21394230769230768 0.16826923076923078
1 0.9122596153846154 0.13341346153846154 0.17067307692307693 0.22596153846153846
1 0.12259615384615384 0.7704326923076923 0.21153846153846154 0.17307692307692307
1 0.2644230769230769 0.9423076923076923 0.23557692307692307 0.11057692307692307
1 0.08653846153846154 0.9206730769230769 0.16826923076923078 0.15384615384615385
1 0.6887019230769231 0.5901442307692307 0.21394230769230768 0.18269230769230768
1 0.7019230769230769 0.4206730769230769 0.1875 0.125
1 0.8161057692307693 0.4266826923076923 0.1875 0.125
1 0.9014423076923077 0.5060096153846154 0.19230769230769232 0.17548076923076922