2 0.15625 0.7091346153846154 0.30528846153846156 0.4326923076923077
2 0.5985576923076923 0.7728365384615384 0.45913461538461536 0.4519230769230769
1 0.3329326923076923 0.5889423076923077 0.17307692307692307 0.2692307692307692
1 0.1658653846153846 0.40625 0.17067307692307693 0.23798076923076922
1 0.10697115384615384 0.2644230769230769 0.14182692307692307 0.1971153846153846
1 0.4987980769230769 0.4495192307692308 0.13942307692307693 0.1971153846153846
1 0.5600961538461539 0.47836538461538464 0.13942307692307693 0.1971153846153846
1 0.4855769230769231 0.23076923076923078 0.14182692307692307 0.1971153846153846
1 0.5528846153846154 0.2439903846153846 0.14182692307692307 0.1971153846153846
1 0.6069711538461539 0.25600961538461536 0.14182692307692307 0.1971153846153846
1 0.8137019230769231 0.06850961538461539 0.1658653846153846 0.13221153846153846
1 0.5925480769230769 0.06850961538461539 0.19951923076923078 0.13221153846153846
1 0.3954326923076923 0.039663461538461536 0.18990384615384615 0.07451923076923077
1 0.06850961538461539 0.08052884615384616 0.13221153846153846 0.15625
1 0.7620192307692307 0.2764423076923077 0.22355769230769232 0.23798076923076922
1 0.9543269230769231 0.6334134615384616 0.08653846153846154 0.24759615384615385
1 0.9639423076923077 0.4675480769230769 0.06971153846153846 0.1971153846153846
1 0.9591346153846154 0.2439903846153846 0.07692307692307693 0.19230769230769232