1 0.8894230769230769 0.5829326923076923 0.19230769230769232 0.18269230769230768
1 0.8485576923076923 0.4182692307692308 0.25 0.16826923076923078
1 0.3918269230769231 0.5456730769230769 0.21634615384615385 0.14423076923076922
1 0.5600961538461539 0.8449519230769231 0.27403846153846156 0.1778846153846154
1 0.054086538461538464 0.4807692307692308 0.10336538461538461 0.14423076923076922
1 0.054086538461538464 0.36538461538461536 0.10336538461538461 0.14423076923076922
1 0.21033653846153846 0.9338942307692307 0.25 0.12980769230769232
1 0.265625 0.7451923076923077 0.23557692307692307 0.19951923076923078
1 0.9110576923076923 0.15865384615384615 0.17307692307692307 0.1875
1 0.8858173076923077 0.07692307692307693 0.21394230769230768 0.14903846153846154
2 0.578125 0.296875 0.27884615384615385 0.20432692307692307
0 0.7355769230769231 0.9723557692307693 0.09375 0.052884615384615384
0 0.625 0.9867788461538461 0.09375 0.02403846153846154
0 0.11778846153846154 0.8629807692307693 0.09134615384615384 0.055288461538461536