1 0.6875 0.13942307692307693 0.1875 0.20673076923076922
1 0.4338942307692308 0.78125 0.19951923076923078 0.2403846153846154
1 0.11177884615384616 0.8966346153846154 0.20432692307692307 0.20192307692307693
1 0.04567307692307692 0.7307692307692307 0.0889423076923077 0.23317307692307693
1 0.12139423076923077 0.5733173076923077 0.19951923076923078 0.2403846153846154
1 0.8209134615384616 0.2091346153846154 0.12980769230769232 0.2932692307692308
1 0.20192307692307693 0.10576923076923077 0.20192307692307693 0.20673076923076922
1 0.23798076923076922 0.33052884615384615 0.19951923076923078 0.2403846153846154
1 0.34375 0.9362980769230769 0.1971153846153846 0.12259615384615384
1 0.8341346153846154 0.8557692307692307 0.19951923076923078 0.2403846153846154
2 0.6129807692307693 0.47475961538461536 0.36538461538461536 0.46634615384615385