1 0.4050480769230769 0.20432692307692307 0.16826923076923078 0.21153846153846154
1 0.06971153846153846 0.12740384615384615 0.13942307692307693 0.21634615384615385
1 0.5588942307692307 0.7055288461538461 0.24519230769230768 0.17307692307692307
1 0.36899038461538464 0.4110576923076923 0.20192307692307693 0.17307692307692307
1 0.4807692307692308 0.8882211538461539 0.19471153846153846 0.19230769230769232
1 0.1875 0.8978365384615384 0.17307692307692307 0.19951923076923078
1 0.5757211538461539 0.3786057692307692 0.17307692307692307 0.23076923076923078
1 0.7319711538461539 0.4519230769230769 0.1875 0.21634615384615385
1 0.7716346153846154 0.2668269230769231 0.1971153846153846 0.22115384615384615
1 0.9206730769230769 0.6923076923076923 0.15384615384615385 0.24278846153846154
1 0.9230769230769231 0.5168269230769231 0.14903846153846154 0.2403846153846154
1 0.6129807692307693 0.07692307692307693 0.16346153846153846 0.14903846153846154
0 0.8665865384615384 0.11538461538461539 0.07451923076923077 0.0889423076923077
0 0.9939903846153846 0.3557692307692308 0.009615384615384616 0.0673076923076923
2 0.13581730769230768 0.6237980769230769 0.27163461538461536 0.42788461538461536
0 0.03485576923076923 0.9699519230769231 0.06490384615384616 0.055288461538461536