1 0.6490384615384616 0.41225961538461536 0.18990384615384615 0.21634615384615385
1 0.8629807692307693 0.48197115384615385 0.19471153846153846 0.2548076923076923
1 0.7127403846153846 0.18629807692307693 0.16346153846153846 0.21875
1 0.8485576923076923 0.2644230769230769 0.16346153846153846 0.21875
1 0.057692307692307696 0.5841346153846154 0.11298076923076923 0.21153846153846154
1 0.21754807692307693 0.7055288461538461 0.15384615384615385 0.20192307692307693
1 0.5096153846153846 0.8918269230769231 0.19230769230769232 0.21153846153846154
1 0.7956730769230769 0.8076923076923077 0.1971153846153846 0.25
1 0.7055288461538461 0.6177884615384616 0.12980769230769232 0.17307692307692307
1 0.055288461538461536 0.10336538461538461 0.10817307692307693 0.20192307692307693
2 0.19110576923076922 0.3557692307692308 0.3076923076923077 0.37740384615384615