2 0.5372596153846154 0.6935096153846154 0.2668269230769231 0.2548076923076923
1 0.2247596153846154 0.8329326923076923 0.27403846153846156 0.13701923076923078
1 0.6911057692307693 0.5576923076923077 0.20192307692307693 0.14903846153846154
1 0.7644230769230769 0.3713942307692308 0.20192307692307693 0.14903846153846154
1 0.5264423076923077 0.0733173076923077 0.2668269230769231 0.14423076923076922
1 0.30408653846153844 0.0733173076923077 0.2668269230769231 0.14423076923076922
1 0.10817307692307693 0.06009615384615385 0.21153846153846154 0.11778846153846154
1 0.0889423076923077 0.6802884615384616 0.17307692307692307 0.17067307692307693
1 0.08173076923076923 0.4963942307692308 0.15865384615384615 0.23317307692307693
1 0.4014423076923077 0.4411057692307692 0.1778846153846154 0.17307692307692307
1 0.8954326923076923 0.7235576923076923 0.20673076923076922 0.2620192307692308
0 0.41346153846153844 0.3329326923076923 0.07692307692307693 0.07692307692307693
0 0.6346153846153846 0.9759615384615384 0.08653846153846154 0.04326923076923077
1 0.6009615384615384 0.22115384615384615 0.2692307692307692 0.17307692307692307
1 0.828125 0.2824519230769231 0.20192307692307693 0.14903846153846154
1 0.9026442307692307 0.19591346153846154 0.19230769230769232 0.15865384615384615