1 0.22235576923076922 0.4855769230769231 0.25 0.18509615384615385
1 0.1658653846153846 0.7355769230769231 0.24519230769230768 0.23076923076923078
1 0.8209134615384616 0.4831730769230769 0.20673076923076922 0.18990384615384615
1 0.9266826923076923 0.039663461538461536 0.14182692307692307 0.07932692307692307
1 0.8954326923076923 0.19831730769230768 0.20432692307692307 0.18509615384615385
1 0.6442307692307693 0.04447115384615385 0.30288461538461536 0.08653846153846154
1 0.30288461538461536 0.19471153846153846 0.3004807692307692 0.14423076923076922
1 0.6237980769230769 0.28365384615384615 0.3004807692307692 0.14423076923076922
1 0.7475961538461539 0.9038461538461539 0.28846153846153844 0.1875
1 0.3076923076923077 0.06490384615384616 0.25 0.125
2 0.8641826923076923 0.71875 0.2668269230769231 0.23076923076923078
0 0.6959134615384616 0.44471153846153844 0.0889423076923077 0.07692307692307693
0 0.5288461538461539 0.38221153846153844 0.0889423076923077 0.07692307692307693
1 0.43509615384615385 0.8004807692307693 0.25 0.18509615384615385