1 0.4483173076923077 0.8918269230769231 0.2091346153846154 0.21153846153846154
1 0.08774038461538461 0.953125 0.17067307692307693 0.0889423076923077
1 0.203125 0.8449519230769231 0.23076923076923078 0.17307692307692307
1 0.7848557692307693 0.13822115384615385 0.2692307692307692 0.1875
1 0.7548076923076923 0.38341346153846156 0.3269230769230769 0.19951923076923078
1 0.5997596153846154 0.06850961538461539 0.25 0.1346153846153846
1 0.11899038461538461 0.08533653846153846 0.23317307692307693 0.16826923076923078
1 0.38461538461538464 0.39903846153846156 0.2692307692307692 0.1875
1 0.11899038461538461 0.38822115384615385 0.23317307692307693 0.18990384615384615
1 0.6129807692307693 0.6033653846153846 0.32211538461538464 0.23076923076923078
2 0.1778846153846154 0.625 0.35096153846153844 0.36538461538461536