1 0.7043269230769231 0.8497596153846154 0.17307692307692307 0.21875
1 0.578125 0.5685096153846154 0.1658653846153846 0.2548076923076923
1 0.47596153846153844 0.3125 0.16346153846153846 0.21394230769230768
1 0.2800480769230769 0.25721153846153844 0.1778846153846154 0.20432692307692307
1 0.12980769230769232 0.1141826923076923 0.19471153846153846 0.2283653846153846
1 0.07091346153846154 0.8269230769230769 0.13942307692307693 0.22596153846153846
1 0.8293269230769231 0.6442307692307693 0.21153846153846154 0.2764423076923077
1 0.9098557692307693 0.49278846153846156 0.17548076923076922 0.25961538461538464
1 0.27403846153846156 0.8221153846153846 0.18509615384615385 0.23798076923076922
1 0.4387019230769231 0.14302884615384615 0.18509615384615385 0.23798076923076922
1 0.9314903846153846 0.7860576923076923 0.1346153846153846 0.23798076923076922
2 0.1814903846153846 0.5540865384615384 0.3269230769230769 0.38461538461538464
0 0.8353365384615384 0.8329326923076923 0.07692307692307693 0.08653846153846154