1 0.3161057692307692 0.4182692307692308 0.14423076923076922 0.21634615384615385
1 0.21634615384615385 0.4182692307692308 0.14423076923076922 0.21634615384615385
1 0.30528846153846156 0.8473557692307693 0.16346153846153846 0.21634615384615385
1 0.6033653846153846 0.9050480769230769 0.16346153846153846 0.18269230769230768
1 0.4795673076923077 0.5865384615384616 0.13942307692307693 0.2548076923076923
1 0.9170673076923077 0.6790865384615384 0.16346153846153846 0.25
1 0.9711538461538461 0.2764423076923077 0.052884615384615384 0.24519230769230768
2 0.6971153846153846 0.5913461538461539 0.3701923076923077 0.42788461538461536
1 0.2980769230769231 0.22115384615384615 0.17548076923076922 0.21153846153846154
1 0.46634615384615385 0.1875 0.17548076923076922 0.21153846153846154
1 0.5745192307692307 0.11778846153846154 0.18990384615384615 0.21153846153846154