1 0.25240384615384615 0.38221153846153844 0.21875 0.14423076923076922
1 0.3545673076923077 0.07211538461538461 0.22115384615384615 0.14423076923076922
1 0.12740384615384615 0.2283653846153846 0.2548076923076923 0.21153846153846154
1 0.4795673076923077 0.3798076923076923 0.24519230769230768 0.15384615384615385
1 0.921875 0.39783653846153844 0.15144230769230768 0.15865384615384615
1 0.796875 0.2536057692307692 0.23798076923076922 0.1971153846153846
1 0.3870192307692308 0.8088942307692307 0.21153846153846154 0.15625
1 0.5420673076923077 0.9074519230769231 0.2548076923076923 0.18269230769230768
1 0.5276442307692307 0.6646634615384616 0.21394230769230768 0.15865384615384615
1 0.8954326923076923 0.5757211538461539 0.20673076923076922 0.19471153846153846
1 0.21033653846153846 0.6334134615384616 0.22596153846153846 0.1778846153846154
0 0.20552884615384615 0.8317307692307693 0.08413461538461539 0.06009615384615385
2 0.8209134615384616 0.8305288461538461 0.35336538461538464 0.33653846153846156