1 0.20793269230769232 0.5697115384615384 0.2283653846153846 0.20673076923076922
1 0.24879807692307693 0.8485576923076923 0.2283653846153846 0.20673076923076922
1 0.38341346153846156 0.8341346153846154 0.2283653846153846 0.20673076923076922
1 0.6225961538461539 0.7596153846153846 0.19230769230769232 0.20432692307692307
1 0.49399038461538464 0.359375 0.23557692307692307 0.16105769230769232
1 0.5913461538461539 0.19110576923076922 0.23557692307692307 0.16105769230769232
1 0.16947115384615385 0.09014423076923077 0.23557692307692307 0.16105769230769232
1 0.9158653846153846 0.4326923076923077 0.16346153846153846 0.17307692307692307
1 0.27524038461538464 0.3858173076923077 0.20432692307692307 0.17067307692307693
1 0.6826923076923077 0.5276442307692307 0.22596153846153846 0.1778846153846154
1 0.8125 0.9495192307692307 0.25961538461538464 0.0985576923076923
1 0.8665865384615384 0.07692307692307693 0.23557692307692307 0.15384615384615385
2 0.8461538461538461 0.7199519230769231 0.30288461538461536 0.3629807692307692