2 0.1346153846153846 0.3894230769230769 0.2644230769230769 0.25
1 0.3076923076923077 0.7800480769230769 0.24519230769230768 0.16105769230769232
1 0.359375 0.5060096153846154 0.24519230769230768 0.16105769230769232
1 0.5144230769230769 0.6105769230769231 0.2956730769230769 0.14423076923076922
1 0.5216346153846154 0.7560096153846154 0.23076923076923078 0.14903846153846154
1 0.359375 0.31490384615384615 0.23076923076923078 0.14903846153846154
1 0.6370192307692307 0.33774038461538464 0.23076923076923078 0.14903846153846154
1 0.8689903846153846 0.42788461538461536 0.25 0.16346153846153846
1 0.7680288461538461 0.8689903846153846 0.24759615384615385 0.18269230769230768
1 0.10216346153846154 0.13942307692307693 0.19951923076923078 0.16826923076923078
1 0.4098557692307692 0.04927884615384615 0.21875 0.09615384615384616
1 0.6694711538461539 0.055288461538461536 0.28846153846153844 0.10817307692307693
1 0.7836538461538461 0.15504807692307693 0.21153846153846154 0.1466346153846154
1 0.8245192307692307 0.2848557692307692 0.2548076923076923 0.18269230769230768
1 0.6021634615384616 0.9050480769230769 0.23076923076923078 0.12980769230769232
1 0.5300480769230769 0.16346153846153846 0.24519230769230768 0.16105769230769232