1 0.3545673076923077 0.4855769230769231 0.22596153846153846 0.1778846153846154
1 0.3293269230769231 0.8257211538461539 0.22596153846153846 0.1778846153846154
1 0.22235576923076922 0.2704326923076923 0.2692307692307692 0.16346153846153846
1 0.29086538461538464 0.08052884615384616 0.2692307692307692 0.15865384615384615
1 0.5396634615384616 0.17668269230769232 0.2692307692307692 0.16346153846153846
1 0.8425480769230769 0.18870192307692307 0.2692307692307692 0.16346153846153846
1 0.8689903846153846 0.2608173076923077 0.25961538461538464 0.16346153846153846
1 0.47836538461538464 0.5877403846153846 0.22596153846153846 0.15625
1 0.49278846153846156 0.328125 0.22596153846153846 0.15625
1 0.24759615384615385 0.921875 0.23076923076923078 0.15144230769230768
1 0.09254807692307693 0.39903846153846156 0.18028846153846154 0.1875
1 0.07451923076923077 0.6478365384615384 0.14423076923076922 0.19951923076923078
1 0.4567307692307692 0.6622596153846154 0.22115384615384615 0.13701923076923078
1 0.5120192307692307 0.7163461538461539 0.22115384615384615 0.13701923076923078
1 0.5540865384615384 0.7728365384615384 0.22115384615384615 0.13701923076923078
1 0.5961538461538461 0.8894230769230769 0.22115384615384615 0.13701923076923078
0 0.17307692307692307 0.7067307692307693 0.07211538461538461 0.057692307692307696
0 0.8786057692307693 0.9651442307692307 0.07211538461538461 0.057692307692307696
0 0.6778846153846154 0.7788461538461539 0.07211538461538461 0.057692307692307696
2 0.8016826923076923 0.47475961538461536 0.3942307692307692 0.3317307692307692
1 0.7572115384615384 0.6983173076923077 0.2620192307692308 0.1346153846153846
1 0.12139423076923077 0.8173076923076923 0.16346153846153846 0.17307692307692307