1 0.4855769230769231 0.7980769230769231 0.19471153846153846 0.25
1 0.328125 0.5024038461538461 0.1971153846153846 0.1875
1 0.21394230769230768 0.8762019230769231 0.1778846153846154 0.20673076923076922
1 0.12139423076923077 0.4519230769230769 0.17548076923076922 0.24278846153846154
1 0.13221153846153846 0.7596153846153846 0.16826923076923078 0.20432692307692307
1 0.27163461538461536 0.9495192307692307 0.15625 0.09615384615384616
1 0.8810096153846154 0.8762019230769231 0.13942307692307693 0.21634615384615385
1 0.6274038461538461 0.35216346153846156 0.16346153846153846 0.21153846153846154
1 0.15384615384615385 0.10576923076923077 0.16346153846153846 0.21153846153846154
1 0.3485576923076923 0.296875 0.1971153846153846 0.20673076923076922
1 0.9170673076923077 0.11658653846153846 0.16346153846153846 0.21153846153846154
1 0.8016826923076923 0.3112980769230769 0.17307692307692307 0.19951923076923078
1 0.5817307692307693 0.10817307692307693 0.17307692307692307 0.21634615384615385
1 0.41586538461538464 0.08173076923076923 0.18269230769230768 0.16346153846153846
1 0.7584134615384616 0.10336538461538461 0.15865384615384615 0.20673076923076922
1 0.9338942307692307 0.5216346153846154 0.12740384615384615 0.20192307692307693
2 0.7055288461538461 0.7019230769230769 0.2980769230769231 0.41346153846153844