1 0.35336538461538464 0.2439903846153846 0.20673076923076922 0.17067307692307693
1 0.42788461538461536 0.5120192307692307 0.20192307692307693 0.23557692307692307
1 0.19591346153846154 0.6706730769230769 0.13942307692307693 0.17307692307692307
1 0.21875 0.37740384615384615 0.1466346153846154 0.2548076923076923
1 0.07692307692307693 0.578125 0.15384615384615385 0.21394230769230768
1 0.08413461538461539 0.3894230769230769 0.16826923076923078 0.19951923076923078
1 0.5540865384615384 0.4495192307692308 0.1875 0.1971153846153846
1 0.6838942307692307 0.43149038461538464 0.20192307692307693 0.21394230769230768
1 0.33413461538461536 0.06971153846153846 0.1971153846153846 0.1346153846153846
0 0.7367788461538461 0.13221153846153846 0.057692307692307696 0.07211538461538461
0 0.6358173076923077 0.04567307692307692 0.08173076923076923 0.07211538461538461
0 0.8846153846153846 0.17307692307692307 0.08413461538461539 0.1201923076923077
0 0.7692307692307693 0.05889423076923077 0.08413461538461539 0.10096153846153846
0 0.6814903846153846 0.8665865384615384 0.08173076923076923 0.08173076923076923
0 0.11658653846153846 0.8401442307692307 0.05048076923076923 0.06009615384615385
2 0.09975961538461539 0.15985576923076922 0.19951923076923078 0.3173076923076923