1 0.5384615384615384 0.8473557692307693 0.18269230769230768 0.22115384615384615
1 0.30528846153846156 0.5913461538461539 0.15865384615384615 0.20432692307692307
1 0.14182692307692307 0.41466346153846156 0.18509615384615385 0.2548076923076923
1 0.3389423076923077 0.328125 0.18509615384615385 0.2548076923076923
1 0.859375 0.5649038461538461 0.18269230769230768 0.15144230769230768
1 0.4795673076923077 0.13942307692307693 0.14423076923076922 0.18028846153846154
1 0.4675480769230769 0.2800480769230769 0.14423076923076922 0.18028846153846154
1 0.8846153846153846 0.08533653846153846 0.1466346153846154 0.1658653846153846
1 0.08413461538461539 0.19471153846153846 0.14423076923076922 0.18028846153846154
2 0.9254807692307693 0.39302884615384615 0.14423076923076922 0.2764423076923077
0 0.9483173076923077 0.7379807692307693 0.0625 0.08173076923076923
0 0.40384615384615385 0.7115384615384616 0.052884615384615384 0.07692307692307693
0 0.46274038461538464 0.7331730769230769 0.052884615384615384 0.07692307692307693
0 0.36177884615384615 0.7752403846153846 0.06490384615384616 0.08173076923076923