1 0.09975961538461539 0.27283653846153844 0.16346153846153846 0.21153846153846154
1 0.40384615384615385 0.6610576923076923 0.13221153846153846 0.18028846153846154
1 0.8605769230769231 0.6033653846153846 0.16346153846153846 0.20192307692307693
1 0.25 0.7920673076923077 0.16346153846153846 0.20192307692307693
1 0.8185096153846154 0.36899038461538464 0.16826923076923078 0.23557692307692307
1 0.9338942307692307 0.15985576923076922 0.12980769230769232 0.18269230769230768
1 0.8040865384615384 0.07211538461538461 0.15865384615384615 0.13942307692307693
1 0.546875 0.042067307692307696 0.1658653846153846 0.07692307692307693
1 0.3245192307692308 0.03365384615384615 0.16105769230769232 0.0625
1 0.06129807692307692 0.7836538461538461 0.1201923076923077 0.1778846153846154
2 0.4254807692307692 0.31971153846153844 0.25 0.3173076923076923
1 0.24278846153846154 0.2704326923076923 0.1346153846153846 0.21634615384615385
1 0.22355769230769232 0.43990384615384615 0.1346153846153846 0.21634615384615385
1 0.6225961538461539 0.5600961538461539 0.14182692307692307 0.23557692307692307
1 0.5132211538461539 0.6838942307692307 0.14423076923076922 0.20192307692307693