2 0.5901442307692307 0.3004807692307692 0.36538461538461536 0.27884615384615385
0 0.4338942307692308 0.1502403846153846 0.07932692307692307 0.0673076923076923
0 0.47475961538461536 0.11177884615384616 0.07932692307692307 0.0673076923076923
0 0.03245192307692308 0.5420673076923077 0.06009615384615385 0.06490384615384616
1 0.8774038461538461 0.19951923076923078 0.22115384615384615 0.1971153846153846
1 0.12379807692307693 0.8725961538461539 0.24278846153846154 0.20673076923076922
1 0.8485576923076923 0.640625 0.2932692307692308 0.19951923076923078
1 0.765625 0.7908653846153846 0.15865384615384615 0.1875
1 0.31850961538461536 0.5324519230769231 0.19230769230769232 0.18028846153846154
1 0.25841346153846156 0.4026442307692308 0.19230769230769232 0.18028846153846154
1 0.8485576923076923 0.39663461538461536 0.19230769230769232 0.18028846153846154
1 0.7536057692307693 0.47596153846153844 0.22596153846153846 0.18990384615384615
1 0.8942307692307693 0.9254807692307693 0.20673076923076922 0.1466346153846154
1 0.5901442307692307 0.859375 0.22355769230769232 0.21634615384615385
1 0.43509615384615385 0.8774038461538461 0.18509615384615385 0.1875
1 0.40384615384615385 0.6682692307692307 0.20192307692307693 0.1875
1 0.3605769230769231 0.24879807692307693 0.20432692307692307 0.20432692307692307
1 0.2283653846153846 0.10216346153846154 0.20673076923076922 0.20432692307692307