1 0.5036057692307693 0.7824519230769231 0.17548076923076922 0.23557692307692307
1 0.7415865384615384 0.8365384615384616 0.22115384615384615 0.23557692307692307
1 0.5012019230769231 0.21394230769230768 0.18028846153846154 0.1971153846153846
1 0.06009615384615385 0.09134615384615384 0.11538461538461539 0.18269230769230768
1 0.23076923076923078 0.1201923076923077 0.17307692307692307 0.2403846153846154
1 0.06370192307692307 0.38221153846153844 0.125 0.28846153846153844
1 0.22716346153846154 0.7055288461538461 0.13942307692307693 0.28365384615384615
1 0.3125 0.4014423076923077 0.13942307692307693 0.28365384615384615
1 0.9050480769230769 0.2824519230769231 0.18509615384615385 0.27163461538461536
1 0.0829326923076923 0.7019230769230769 0.16346153846153846 0.23798076923076922
2 0.7259615384615384 0.15985576923076922 0.21634615384615385 0.2764423076923077
0 0.4651442307692308 0.3329326923076923 0.07211538461538461 0.08413461538461539
0 0.4050480769230769 0.49158653846153844 0.07211538461538461 0.08413461538461539
1 0.8028846153846154 0.5805288461538461 0.17548076923076922 0.23557692307692307