1 0.7932692307692307 0.3016826923076923 0.18028846153846154 0.20192307692307693
1 0.8353365384615384 0.6346153846153846 0.18269230769230768 0.23798076923076922
1 0.7379807692307693 0.7992788461538461 0.15144230769230768 0.22596153846153846
1 0.5997596153846154 0.4110576923076923 0.1778846153846154 0.2692307692307692
1 0.4735576923076923 0.18629807692307693 0.16826923076923078 0.21634615384615385
1 0.6550480769230769 0.11778846153846154 0.2091346153846154 0.23076923076923078
1 0.4098557692307692 0.07692307692307693 0.18990384615384615 0.14903846153846154
1 0.5973557692307693 0.8233173076923077 0.1658653846153846 0.1875
1 0.65625 0.6742788461538461 0.1658653846153846 0.1875
2 0.30288461538461536 0.5865384615384616 0.28125 0.34134615384615385
0 0.9182692307692307 0.027644230769230768 0.06971153846153846 0.04807692307692308
0 0.18870192307692307 0.4375 0.0673076923076923 0.10096153846153846