1 0.6418269230769231 0.7367788461538461 0.19230769230769232 0.23557692307692307
1 0.9170673076923077 0.7223557692307693 0.16105769230769232 0.22355769230769232
1 0.21995192307692307 0.20192307692307693 0.16346153846153846 0.21875
1 0.2956730769230769 0.24759615384615385 0.1658653846153846 0.21875
1 0.3798076923076923 0.3581730769230769 0.18028846153846154 0.27163461538461536
1 0.6081730769230769 0.40625 0.19951923076923078 0.23798076923076922
1 0.7704326923076923 0.09735576923076923 0.17067307692307693 0.18990384615384615
1 0.6189903846153846 0.20673076923076922 0.18028846153846154 0.21634615384615385
1 0.421875 0.08653846153846154 0.17548076923076922 0.16826923076923078
1 0.47836538461538464 0.6418269230769231 0.14903846153846154 0.19230769230769232
1 0.4639423076923077 0.7728365384615384 0.15865384615384615 0.19230769230769232
1 0.4639423076923077 0.8786057692307693 0.15865384615384615 0.19230769230769232
1 0.2764423076923077 0.9026442307692307 0.16105769230769232 0.18990384615384615
1 0.8028846153846154 0.7331730769230769 0.1658653846153846 0.23798076923076922
2 0.12139423076923077 0.7512019230769231 0.2403846153846154 0.3918269230769231
0 0.25600961538461536 0.6442307692307693 0.06009615384615385 0.07692307692307693
0 0.5865384615384616 0.04927884615384615 0.052884615384615384 0.09134615384615384