2 0.6201923076923077 0.4567307692307692 0.34375 0.25961538461538464
1 0.12740384615384615 0.5216346153846154 0.2283653846153846 0.23076923076923078
1 0.359375 0.39783653846153844 0.25240384615384615 0.18269230769230768
1 0.28725961538461536 0.14903846153846154 0.25240384615384615 0.18269230769230768
1 0.4230769230769231 0.21754807692307693 0.25240384615384615 0.18269230769230768
1 0.5769230769230769 0.2512019230769231 0.25240384615384615 0.18269230769230768
1 0.6225961538461539 0.15985576923076922 0.21634615384615385 0.15865384615384615
1 0.7367788461538461 0.1622596153846154 0.21634615384615385 0.15865384615384615
1 0.8413461538461539 0.19951923076923078 0.21634615384615385 0.15865384615384615
1 0.7512019230769231 0.07932692307692307 0.21875 0.15384615384615385
1 0.13341346153846154 0.9362980769230769 0.24519230769230768 0.125
1 0.11057692307692307 0.78125 0.21634615384615385 0.1971153846153846
1 0.11538461538461539 0.21514423076923078 0.22596153846153846 0.21875
0 0.057692307692307696 0.33533653846153844 0.11538461538461539 0.07211538461538461
0 0.9086538461538461 0.6334134615384616 0.07211538461538461 0.0673076923076923
1 0.33533653846153844 0.6105769230769231 0.23076923076923078 0.15384615384615385
1 0.4206730769230769 0.8822115384615384 0.23076923076923078 0.15384615384615385
1 0.9254807692307693 0.8605769230769231 0.14423076923076922 0.14423076923076922
1 0.9254807692307693 0.7319711538461539 0.14423076923076922 0.14423076923076922
1 0.8677884615384616 0.921875 0.18269230769230768 0.15384615384615385