2 0.7764423076923077 0.6766826923076923 0.23076923076923078 0.2644230769230769
2 0.10216346153846154 0.18990384615384615 0.20192307692307693 0.375
0 0.6995192307692307 0.8317307692307693 0.055288461538461536 0.08653846153846154
0 0.8882211538461539 0.040865384615384616 0.057692307692307696 0.07692307692307693
1 0.8846153846153846 0.21514423076923078 0.20673076923076922 0.21153846153846154
1 0.7379807692307693 0.18269230769230768 0.20673076923076922 0.21153846153846154
1 0.7716346153846154 0.4483173076923077 0.20673076923076922 0.21153846153846154
1 0.8617788461538461 0.4807692307692308 0.20673076923076922 0.21153846153846154
1 0.3125 0.3112980769230769 0.20673076923076922 0.21153846153846154
1 0.3473557692307692 0.5516826923076923 0.20673076923076922 0.21153846153846154
1 0.42908653846153844 0.8329326923076923 0.20673076923076922 0.21153846153846154
1 0.25841346153846156 0.7439903846153846 0.15384615384615385 0.22596153846153846
1 0.9254807692307693 0.9038461538461539 0.14423076923076922 0.1875
1 0.9435096153846154 0.7151442307692307 0.10817307692307693 0.2283653846153846
1 0.04807692307692308 0.8028846153846154 0.09134615384615384 0.25961538461538464
1 0.09495192307692307 0.6346153846153846 0.1875 0.25961538461538464