1 0.19951923076923078 0.7728365384615384 0.16826923076923078 0.22355769230769232
1 0.30288461538461536 0.6502403846153846 0.1778846153846154 0.2403846153846154
1 0.4735576923076923 0.7319711538461539 0.19230769230769232 0.23557692307692307
1 0.4723557692307692 0.8990384615384616 0.19230769230769232 0.1971153846153846
1 0.6778846153846154 0.8293269230769231 0.19471153846153846 0.2403846153846154
1 0.8305288461538461 0.47475961538461536 0.19471153846153846 0.24278846153846154
1 0.6334134615384616 0.5793269230769231 0.20673076923076922 0.25961538461538464
1 0.12139423076923077 0.47475961538461536 0.18269230769230768 0.22355769230769232
1 0.15144230769230768 0.2512019230769231 0.18269230769230768 0.21634615384615385
1 0.19471153846153846 0.07572115384615384 0.18269230769230768 0.1466346153846154
1 0.7439903846153846 0.27524038461538464 0.14903846153846154 0.19951923076923078
1 0.8449519230769231 0.25600961538461536 0.14903846153846154 0.19951923076923078
1 0.9423076923076923 0.08413461538461539 0.11298076923076923 0.16826923076923078
1 0.8064903846153846 0.08052884615384616 0.15625 0.15625
1 0.9302884615384616 0.8016826923076923 0.13701923076923078 0.24759615384615385
1 0.796875 0.7235576923076923 0.20673076923076922 0.2620192307692308
2 0.43509615384615385 0.19831730769230768 0.4230769230769231 0.3942307692307692