1 0.8269230769230769 0.31490384615384615 0.25 0.16826923076923078
1 0.5673076923076923 0.140625 0.25 0.16826923076923078
1 0.2980769230769231 0.16706730769230768 0.2403846153846154 0.20673076923076922
1 0.11538461538461539 0.0625 0.22115384615384615 0.1201923076923077
1 0.10697115384615384 0.24879807692307693 0.20673076923076922 0.1778846153846154
1 0.7043269230769231 0.040865384615384616 0.2403846153846154 0.07932692307692307
1 0.9194711538461539 0.15264423076923078 0.15625 0.16105769230769232
1 0.1502403846153846 0.49038461538461536 0.24519230769230768 0.125
1 0.15144230769230768 0.5673076923076923 0.20432692307692307 0.20192307692307693
1 0.14543269230769232 0.7692307692307693 0.24519230769230768 0.1778846153846154
1 0.6298076923076923 0.31490384615384615 0.18269230769230768 0.15384615384615385
1 0.8774038461538461 0.6274038461538461 0.20673076923076922 0.16826923076923078
1 0.4879807692307692 0.8653846153846154 0.20673076923076922 0.16826923076923078
1 0.8858173076923077 0.7596153846153846 0.22355769230769232 0.16826923076923078
1 0.703125 0.8798076923076923 0.25961538461538464 0.18990384615384615
2 0.4651442307692308 0.6177884615384616 0.5360576923076923 0.40865384615384615