2 0.5901442307692307 0.7800480769230769 0.6153846153846154 0.37259615384615385
1 0.7908653846153846 0.18629807692307693 0.21153846153846154 0.21634615384615385
1 0.4951923076923077 0.328125 0.1875 0.15384615384615385
1 0.5396634615384616 0.43509615384615385 0.1875 0.15384615384615385
1 0.7692307692307693 0.5612980769230769 0.3245192307692308 0.15865384615384615
1 0.7752403846153846 0.4230769230769231 0.20673076923076922 0.15384615384615385
1 0.9050480769230769 0.4723557692307692 0.18509615384615385 0.15384615384615385
1 0.31490384615384615 0.18870192307692307 0.23557692307692307 0.19471153846153846
1 0.0985576923076923 0.19831730769230768 0.1971153846153846 0.1971153846153846
1 0.3161057692307692 0.5649038461538461 0.19471153846153846 0.1875
1 0.30649038461538464 0.41346153846153844 0.2692307692307692 0.22115384615384615
1 0.2824519230769231 0.890625 0.25961538461538464 0.20432692307692307
1 0.0985576923076923 0.90625 0.1971153846153846 0.18269230769230768
1 0.06610576923076923 0.4543269230769231 0.13221153846153846 0.1778846153846154
1 0.13942307692307693 0.6466346153846154 0.24519230769230768 0.21875
0 0.9158653846153846 0.2439903846153846 0.07211538461538461 0.0673076923076923
1 0.41466346153846156 0.15625 0.1875 0.15384615384615385
1 0.9146634615384616 0.7079326923076923 0.16346153846153846 0.15625