1 0.16706730769230768 0.6682692307692307 0.25240384615384615 0.17067307692307693
1 0.42788461538461536 0.84375 0.25240384615384615 0.17067307692307693
1 0.6983173076923077 0.8173076923076923 0.24278846153846154 0.20673076923076922
1 0.8822115384615384 0.9302884615384616 0.22355769230769232 0.13701923076923078
1 0.8918269230769231 0.734375 0.21153846153846154 0.18028846153846154
1 0.29086538461538464 0.9507211538461539 0.24278846153846154 0.09615384615384616
1 0.07692307692307693 0.8305288461538461 0.15384615384615385 0.15865384615384615
1 0.8473557692307693 0.49038461538461536 0.24759615384615385 0.125
1 0.8461538461538461 0.41346153846153844 0.20673076923076922 0.20192307692307693
1 0.8509615384615384 0.21033653846153846 0.24759615384615385 0.1778846153846154
1 0.36538461538461536 0.6682692307692307 0.18509615384615385 0.15384615384615385
1 0.11658653846153846 0.35336538461538464 0.2091346153846154 0.16826923076923078
1 0.5084134615384616 0.11298076923076923 0.2091346153846154 0.16826923076923078
1 0.11177884615384616 0.22115384615384615 0.21875 0.16826923076923078
1 0.2920673076923077 0.0985576923076923 0.25961538461538464 0.19230769230769232
2 0.5300480769230769 0.3629807692307692 0.5384615384615384 0.41346153846153844