1 0.9206730769230769 0.5252403846153846 0.15384615384615385 0.20432692307692307
1 0.7271634615384616 0.7632211538461539 0.1778846153846154 0.2403846153846154
1 0.8822115384615384 0.7079326923076923 0.13942307692307693 0.3125
1 0.36538461538461536 0.6478365384615384 0.1971153846153846 0.23317307692307693
1 0.5240384615384616 0.7836538461538461 0.18269230769230768 0.1875
1 0.5637019230769231 0.5036057692307693 0.14903846153846154 0.3076923076923077
1 0.43149038461538464 0.4387019230769231 0.1778846153846154 0.2403846153846154
1 0.09134615384615384 0.6502403846153846 0.1778846153846154 0.2403846153846154
1 0.0889423076923077 0.30528846153846156 0.17307692307692307 0.2403846153846154
1 0.5372596153846154 0.9326923076923077 0.20192307692307693 0.12980769230769232
1 0.7247596153846154 0.515625 0.20673076923076922 0.19230769230769232
1 0.859375 0.22716346153846154 0.20673076923076922 0.23557692307692307
1 0.29086538461538464 0.5300480769230769 0.14903846153846154 0.1875
1 0.17307692307692307 0.052884615384615384 0.14903846153846154 0.10576923076923077
1 0.35697115384615385 0.8737980769230769 0.16346153846153846 0.25
0 0.18990384615384615 0.13942307692307693 0.08173076923076923 0.09134615384615384
2 0.5372596153846154 0.1875 0.3701923076923077 0.375