1 0.43509615384615385 0.6201923076923077 0.1875 0.23557692307692307
1 0.27283653846153844 0.1875 0.2091346153846154 0.24519230769230768
1 0.6682692307692307 0.203125 0.18990384615384615 0.24759615384615385
1 0.8413461538461539 0.29927884615384615 0.18509615384615385 0.25961538461538464
1 0.8497596153846154 0.5132211538461539 0.1971153846153846 0.2644230769230769
1 0.7307692307692307 0.7728365384615384 0.20192307692307693 0.20192307692307693
1 0.5600961538461539 0.421875 0.19230769230769232 0.24519230769230768
1 0.6730769230769231 0.5637019230769231 0.21153846153846154 0.21875
1 0.23798076923076922 0.4423076923076923 0.1658653846153846 0.21394230769230768
1 0.44471153846153844 0.06610576923076923 0.20673076923076922 0.12740384615384615
1 0.16105769230769232 0.43028846153846156 0.14423076923076922 0.27403846153846156
2 0.4519230769230769 0.8677884615384616 0.375 0.25961538461538464