2 0.6213942307692307 0.7439903846153846 0.44711538461538464 0.39663461538461536
1 0.6081730769230769 0.23918269230769232 0.24278846153846154 0.20432692307692307
1 0.34134615384615385 0.08052884615384616 0.24519230769230768 0.15865384615384615
1 0.8064903846153846 0.30528846153846156 0.22115384615384615 0.1778846153846154
1 0.7992788461538461 0.15384615384615385 0.22115384615384615 0.1778846153846154
1 0.6610576923076923 0.06490384615384616 0.22355769230769232 0.125
1 0.8521634615384616 0.056490384615384616 0.22355769230769232 0.11057692307692307
1 0.1935096153846154 0.328125 0.22115384615384615 0.1778846153846154
1 0.1935096153846154 0.390625 0.22115384615384615 0.1778846153846154
1 0.15264423076923078 0.47596153846153844 0.22115384615384615 0.1778846153846154
1 0.13701923076923078 0.5504807692307693 0.22115384615384615 0.1778846153846154
1 0.09014423076923077 0.734375 0.18028846153846154 0.19230769230769232
1 0.5108173076923077 0.9230769230769231 0.30528846153846156 0.14903846153846154
1 0.9447115384615384 0.48197115384615385 0.10576923076923077 0.17307692307692307
1 0.9447115384615384 0.6262019230769231 0.10576923076923077 0.17307692307692307
1 0.0829326923076923 0.9170673076923077 0.1658653846153846 0.16105769230769232
1 0.38100961538461536 0.5841346153846154 0.18028846153846154 0.1971153846153846
1 0.9338942307692307 0.12980769230769232 0.12980769230769232 0.25721153846153844
1 0.25 0.6911057692307693 0.24759615384615385 0.1466346153846154
1 0.09014423076923077 0.1658653846153846 0.18028846153846154 0.21394230769230768