1 0.07211538461538461 0.32091346153846156 0.14182692307692307 0.25
1 0.203125 0.6442307692307693 0.17548076923076922 0.2644230769230769
1 0.6141826923076923 0.4326923076923077 0.14182692307692307 0.21875
1 0.4206730769230769 0.3858173076923077 0.18269230769230768 0.1778846153846154
1 0.5564903846153846 0.23076923076923078 0.19471153846153846 0.21634615384615385
1 0.3641826923076923 0.15264423076923078 0.19471153846153846 0.21634615384615385
1 0.6370192307692307 0.8846153846153846 0.15384615384615385 0.20673076923076922
1 0.7475961538461539 0.7271634615384616 0.20432692307692307 0.18028846153846154
1 0.8088942307692307 0.10336538461538461 0.18028846153846154 0.20192307692307693
1 0.796875 0.3389423076923077 0.20192307692307693 0.21875
1 0.13221153846153846 0.09975961538461539 0.19230769230769232 0.1971153846153846
1 0.3317307692307692 0.875 0.15384615384615385 0.20673076923076922
1 0.8894230769230769 0.5841346153846154 0.15384615384615385 0.20673076923076922
1 0.8341346153846154 0.9170673076923077 0.15384615384615385 0.16346153846153846
2 0.4639423076923077 0.671875 0.3317307692307692 0.47115384615384615