1 0.35216346153846156 0.1971153846153846 0.23076923076923078 0.18028846153846154
1 0.6742788461538461 0.13822115384615385 0.23076923076923078 0.18028846153846154
1 0.4879807692307692 0.06971153846153846 0.23557692307692307 0.13701923076923078
1 0.8449519230769231 0.04927884615384615 0.2403846153846154 0.09615384615384616
1 0.9086538461538461 0.4326923076923077 0.1778846153846154 0.19951923076923078
1 0.22596153846153846 0.45072115384615385 0.25 0.20192307692307693
1 0.18389423076923078 0.6298076923076923 0.2644230769230769 0.1658653846153846
1 0.12139423076923077 0.3076923076923077 0.23798076923076922 0.16826923076923078
1 0.46274038461538464 0.9603365384615384 0.24278846153846154 0.07451923076923077
1 0.9254807692307693 0.96875 0.14903846153846154 0.057692307692307696
1 0.08653846153846154 0.9483173076923077 0.16826923076923078 0.0985576923076923
1 0.1045673076923077 0.7980769230769231 0.20432692307692307 0.1971153846153846
1 0.8161057692307693 0.8966346153846154 0.2091346153846154 0.19471153846153846
2 0.59375 0.5612980769230769 0.46634615384615385 0.3557692307692308
0 0.9555288461538461 0.546875 0.08653846153846154 0.04807692307692308