1 0.35336538461538464 0.7007211538461539 0.2403846153846154 0.18509615384615385
1 0.7524038461538461 0.3425480769230769 0.2403846153846154 0.18509615384615385
1 0.2668269230769231 0.265625 0.2403846153846154 0.18509615384615385
1 0.4963942307692308 0.42788461538461536 0.25240384615384615 0.11778846153846154
1 0.5997596153846154 0.6790865384615384 0.24759615384615385 0.19951923076923078
1 0.11177884615384616 0.47716346153846156 0.22115384615384615 0.17307692307692307
1 0.140625 0.6742788461538461 0.21153846153846154 0.20673076923076922
1 0.43149038461538464 0.1141826923076923 0.2403846153846154 0.18509615384615385
1 0.0985576923076923 0.14903846153846154 0.19230769230769232 0.16346153846153846
1 0.921875 0.390625 0.15144230769230768 0.18990384615384615
1 0.5 0.5024038461538461 0.23557692307692307 0.18509615384615385
1 0.1502403846153846 0.8052884615384616 0.2091346153846154 0.1971153846153846
2 0.8293269230769231 0.6213942307692307 0.33653846153846156 0.35336538461538464