2 0.23197115384615385 0.7620192307692307 0.19471153846153846 0.2548076923076923
1 0.625 0.3401442307692308 0.16826923076923078 0.2548076923076923
1 0.4879807692307692 0.27163461538461536 0.16826923076923078 0.1971153846153846
1 0.5216346153846154 0.4579326923076923 0.16826923076923078 0.1971153846153846
1 0.49399038461538464 0.5096153846153846 0.16826923076923078 0.1971153846153846
1 0.078125 0.3954326923076923 0.15384615384615385 0.2668269230769231
1 0.05889423076923077 0.5084134615384616 0.11538461538461539 0.23076923076923078
1 0.16466346153846154 0.5600961538461539 0.14182692307692307 0.22596153846153846
1 0.21514423076923078 0.4963942307692308 0.14182692307692307 0.22596153846153846
1 0.2764423076923077 0.47716346153846156 0.14182692307692307 0.22596153846153846
1 0.3545673076923077 0.43149038461538464 0.14182692307692307 0.22596153846153846
1 0.0985576923076923 0.1658653846153846 0.14182692307692307 0.22596153846153846
1 0.16466346153846154 0.1502403846153846 0.14182692307692307 0.22596153846153846
1 0.3112980769230769 0.12620192307692307 0.14182692307692307 0.22596153846153846
1 0.7860576923076923 0.9026442307692307 0.14423076923076922 0.18990384615384615
1 0.9194711538461539 0.7692307692307693 0.14182692307692307 0.19230769230769232
1 0.9146634615384616 0.24158653846153846 0.14182692307692307 0.19230769230769232
1 0.9086538461538461 0.3858173076923077 0.16346153846153846 0.22115384615384615
1 0.8713942307692307 0.46153846153846156 0.16346153846153846 0.22115384615384615
1 0.8533653846153846 0.07932692307692307 0.16346153846153846 0.15865384615384615
1 0.7487980769230769 0.09134615384615384 0.16105769230769232 0.16346153846153846
1 0.7283653846153846 0.12980769230769232 0.16105769230769232 0.16346153846153846
1 0.06610576923076923 0.8209134615384616 0.12980769230769232 0.23076923076923078
1 0.39903846153846156 0.9615384615384616 0.15384615384615385 0.07211538461538461
1 0.6310096153846154 0.7560096153846154 0.18269230769230768 0.23076923076923078
1 0.6862980769230769 0.6165865384615384 0.18269230769230768 0.23076923076923078
1 0.7668269230769231 0.5805288461538461 0.18269230769230768 0.23076923076923078
0 0.7644230769230769 0.2704326923076923 0.0673076923076923 0.10096153846153846
0 0.3954326923076923 0.15745192307692307 0.052884615384615384 0.08173076923076923
1 0.921875 0.6262019230769231 0.15144230769230768 0.21875