1 0.7620192307692307 0.4987980769230769 0.21634615384615385 0.1971153846153846
1 0.27403846153846156 0.3425480769230769 0.23076923076923078 0.1778846153846154
1 0.4879807692307692 0.5036057692307693 0.23557692307692307 0.1466346153846154
1 0.7307692307692307 0.7944711538461539 0.22355769230769232 0.17067307692307693
1 0.546875 0.6442307692307693 0.22596153846153846 0.15144230769230768
1 0.8786057692307693 0.19230769230769232 0.22596153846153846 0.15144230769230768
1 0.3641826923076923 0.051682692307692304 0.2764423076923077 0.10096153846153846
1 0.5408653846153846 0.9206730769230769 0.25 0.15625
1 0.2920673076923077 0.5673076923076923 0.19951923076923078 0.13701923076923078
1 0.078125 0.14903846153846154 0.15144230769230768 0.18028846153846154
2 0.2091346153846154 0.7680288461538461 0.41346153846153844 0.3701923076923077