1 0.7247596153846154 0.2932692307692308 0.21634615384615385 0.2980769230769231
1 0.8052884615384616 0.7175480769230769 0.21153846153846154 0.22596153846153846
1 0.24519230769230768 0.5024038461538461 0.1971153846153846 0.21875
1 0.5733173076923077 0.5408653846153846 0.1778846153846154 0.20192307692307693
1 0.6514423076923077 0.08173076923076923 0.21875 0.15865384615384615
1 0.22235576923076922 0.24278846153846154 0.17307692307692307 0.2283653846153846
1 0.9447115384615384 0.16947115384615385 0.10576923076923077 0.2403846153846154
1 0.8894230769230769 0.3641826923076923 0.16826923076923078 0.2764423076923077
1 0.9411057692307693 0.9639423076923077 0.11538461538461539 0.0673076923076923
1 0.3545673076923077 0.1201923076923077 0.15144230769230768 0.22596153846153846
0 0.17668269230769232 0.9579326923076923 0.08653846153846154 0.07932692307692307
2 0.5540865384615384 0.8004807692307693 0.42788461538461536 0.3942307692307692