1 0.4855769230769231 0.19591346153846154 0.20432692307692307 0.1778846153846154
1 0.39783653846153844 0.27884615384615385 0.20432692307692307 0.1778846153846154
1 0.8149038461538461 0.34134615384615385 0.20432692307692307 0.1778846153846154
1 0.7259615384615384 0.10817307692307693 0.23557692307692307 0.18269230769230768
1 0.7439903846153846 0.18870192307692307 0.21634615384615385 0.15865384615384615
1 0.5456730769230769 0.6382211538461539 0.20432692307692307 0.1778846153846154
1 0.15264423076923078 0.47716346153846156 0.20432692307692307 0.1778846153846154
1 0.25961538461538464 0.0889423076923077 0.20673076923076922 0.17548076923076922
1 0.8329326923076923 0.5540865384615384 0.20432692307692307 0.1778846153846154
1 0.8064903846153846 0.8762019230769231 0.20432692307692307 0.1778846153846154
1 0.25240384615384615 0.8786057692307693 0.20432692307692307 0.1778846153846154
1 0.31490384615384615 0.7223557692307693 0.20432692307692307 0.1778846153846154
1 0.10336538461538461 0.8401442307692307 0.20192307692307693 0.12980769230769232
1 0.5961538461538461 0.8088942307692307 0.25 0.22596153846153846
1 0.07932692307692307 0.3004807692307692 0.15384615384615385 0.15144230769230768
2 0.10697115384615384 0.6862980769230769 0.21153846153846154 0.18269230769230768
0 0.7920673076923077 0.4098557692307692 0.0625 0.055288461538461536