1 0.8665865384615384 0.8329326923076923 0.1971153846153846 0.21394230769230768
1 0.32091346153846156 0.6959134615384616 0.22115384615384615 0.21153846153846154
1 0.5600961538461539 0.44350961538461536 0.19230769230769232 0.20192307692307693
1 0.7043269230769231 0.2692307692307692 0.22115384615384615 0.15384615384615385
1 0.9098557692307693 0.18870192307692307 0.1778846153846154 0.16826923076923078
1 0.7824519230769231 0.4266826923076923 0.21153846153846154 0.17067307692307693
1 0.7295673076923077 0.5564903846153846 0.25 0.19471153846153846
1 0.5252403846153846 0.6538461538461539 0.21153846153846154 0.17067307692307693
1 0.1201923076923077 0.12980769230769232 0.23557692307692307 0.15865384615384615
1 0.5096153846153846 0.8040865384615384 0.21153846153846154 0.15865384615384615
1 0.10336538461538461 0.6730769230769231 0.20192307692307693 0.17307692307692307
1 0.3641826923076923 0.05889423076923077 0.27884615384615385 0.11538461538461539
2 0.25841346153846156 0.36899038461538464 0.4567307692307692 0.375