1 0.0625 0.34134615384615385 0.125 0.2644230769230769
1 0.18629807692307693 0.6802884615384616 0.18269230769230768 0.27403846153846156
1 0.6153846153846154 0.45913461538461536 0.14903846153846154 0.2283653846153846
1 0.41346153846153844 0.4098557692307692 0.18990384615384615 0.18269230769230768
1 0.5552884615384616 0.24759615384615385 0.20192307692307693 0.22596153846153846
1 0.3545673076923077 0.1658653846153846 0.20192307692307693 0.22596153846153846
1 0.640625 0.9086538461538461 0.1658653846153846 0.1778846153846154
1 0.7548076923076923 0.765625 0.21153846153846154 0.1875
1 0.8197115384615384 0.11057692307692307 0.1875 0.21634615384615385
1 0.8052884615384616 0.3605769230769231 0.21153846153846154 0.2283653846153846
1 0.11298076923076923 0.10817307692307693 0.19951923076923078 0.21153846153846154
1 0.32211538461538464 0.9050480769230769 0.16346153846153846 0.1875
1 0.9038461538461539 0.6165865384615384 0.15865384615384615 0.21634615384615385
1 0.8473557692307693 0.9375 0.1658653846153846 0.1201923076923077
2 0.45913461538461536 0.7079326923076923 0.34615384615384615 0.49038461538461536