1 0.6826923076923077 0.35697115384615385 0.2548076923076923 0.21153846153846154
1 0.7584134615384616 0.5300480769230769 0.27884615384615385 0.18269230769230768
1 0.8004807692307693 0.6899038461538461 0.18269230769230768 0.16826923076923078
1 0.875 0.734375 0.19230769230769232 0.18509615384615385
1 0.9194711538461539 0.9411057692307693 0.16105769230769232 0.11298076923076923
1 0.3076923076923077 0.8389423076923077 0.21634615384615385 0.1346153846153846
1 0.44711538461538464 0.07932692307692307 0.2403846153846154 0.15384615384615385
1 0.90625 0.2127403846153846 0.18269230769230768 0.1778846153846154
1 0.23677884615384615 0.22235576923076922 0.23557692307692307 0.1875
1 0.21514423076923078 0.46274038461538464 0.1971153846153846 0.15384615384615385
1 0.1658653846153846 0.546875 0.21153846153846154 0.15144230769230768
2 0.5060096153846154 0.6586538461538461 0.5 0.34134615384615385