1 0.07572115384615384 0.44471153846153844 0.13701923076923078 0.20432692307692307
1 0.46634615384615385 0.5588942307692307 0.1658653846153846 0.27403846153846156
1 0.8449519230769231 0.39302884615384615 0.1658653846153846 0.27403846153846156
1 0.7524038461538461 0.8076923076923077 0.1778846153846154 0.2692307692307692
1 0.6899038461538461 0.4338942307692308 0.15384615384615385 0.21634615384615385
1 0.6995192307692307 0.15625 0.15384615384615385 0.21634615384615385
1 0.0673076923076923 0.7728365384615384 0.1346153846153846 0.21634615384615385
1 0.9519230769230769 0.2536057692307692 0.09375 0.21634615384615385
2 0.3449519230769231 0.3161057692307692 0.27403846153846156 0.25240384615384615
0 0.4423076923076923 0.8149038461538461 0.0625 0.07692307692307693
0 0.7848557692307693 0.5793269230769231 0.0625 0.07932692307692307