1 0.9110576923076923 0.5024038461538461 0.14423076923076922 0.22355769230769232
1 0.421875 0.6742788461538461 0.17548076923076922 0.20192307692307693
1 0.15625 0.4987980769230769 0.18269230769230768 0.19951923076923078
1 0.13942307692307693 0.7415865384615384 0.18269230769230768 0.22596153846153846
1 0.3173076923076923 0.2668269230769231 0.18269230769230768 0.22596153846153846
1 0.7584134615384616 0.1971153846153846 0.15384615384615385 0.1971153846153846
1 0.6730769230769231 0.9050480769230769 0.15384615384615385 0.1875
1 0.29927884615384615 0.8629807692307693 0.15384615384615385 0.1971153846153846
1 0.5637019230769231 0.109375 0.15384615384615385 0.1971153846153846
1 0.41346153846153844 0.6141826923076923 0.17548076923076922 0.20192307692307693
1 0.8774038461538461 0.5276442307692307 0.14423076923076922 0.22355769230769232
2 0.6201923076923077 0.5084134615384616 0.40865384615384615 0.4567307692307692
0 0.7836538461538461 0.796875 0.07211538461538461 0.09615384615384616