1 0.78125 0.7824519230769231 0.20192307692307693 0.19471153846153846
1 0.8557692307692307 0.9350961538461539 0.28846153846153844 0.125
1 0.10576923076923077 0.9230769230769231 0.20673076923076922 0.14903846153846154
1 0.4170673076923077 0.49158653846153844 0.2403846153846154 0.21634615384615385
1 0.4579326923076923 0.9050480769230769 0.24278846153846154 0.18509615384615385
1 0.2668269230769231 0.14302884615384615 0.2403846153846154 0.21634615384615385
1 0.45913461538461536 0.25961538461538464 0.22596153846153846 0.16346153846153846
1 0.10336538461538461 0.21995192307692307 0.20192307692307693 0.16346153846153846
1 0.6959134615384616 0.5829326923076923 0.22115384615384615 0.18990384615384615
1 0.27403846153846156 0.7560096153846154 0.22115384615384615 0.18990384615384615
2 0.1622596153846154 0.5108173076923077 0.2644230769230769 0.20192307692307693