1 0.5901442307692307 0.2956730769230769 0.16105769230769232 0.18990384615384615
1 0.4182692307692308 0.25240384615384615 0.17307692307692307 0.19230769230769232
1 0.17067307692307693 0.1778846153846154 0.17307692307692307 0.22115384615384615
1 0.08173076923076923 0.5336538461538461 0.15865384615384615 0.22355769230769232
1 0.5793269230769231 0.5408653846153846 0.17307692307692307 0.22115384615384615
1 0.5853365384615384 0.7560096153846154 0.17307692307692307 0.22115384615384615
1 0.4411057692307692 0.8040865384615384 0.19230769230769232 0.2548076923076923
1 0.33653846153846156 0.6021634615384616 0.16346153846153846 0.21153846153846154
1 0.23677884615384615 0.6550480769230769 0.18028846153846154 0.24519230769230768
1 0.25 0.41947115384615385 0.18028846153846154 0.18269230769230768
1 0.18629807692307693 0.8930288461538461 0.18990384615384615 0.2091346153846154
1 0.7091346153846154 0.7103365384615384 0.14182692307692307 0.22115384615384615
1 0.9194711538461539 0.6754807692307693 0.15865384615384615 0.22115384615384615
1 0.9050480769230769 0.47716346153846156 0.15865384615384615 0.20673076923076922
1 0.27524038461538464 0.3581730769230769 0.1346153846153846 0.23798076923076922
2 0.8040865384615384 0.19471153846153846 0.3605769230769231 0.38461538461538464