1 0.33052884615384615 0.14903846153846154 0.2668269230769231 0.17307692307692307
1 0.7908653846153846 0.5120192307692307 0.2668269230769231 0.17307692307692307
1 0.5793269230769231 0.3245192307692308 0.21394230769230768 0.21634615384615385
1 0.4567307692307692 0.7932692307692307 0.21634615384615385 0.15865384615384615
1 0.5997596153846154 0.8774038461538461 0.21634615384615385 0.15865384615384615
1 0.8533653846153846 0.7680288461538461 0.28125 0.1658653846153846
1 0.7403846153846154 0.08052884615384616 0.27403846153846156 0.15625
1 0.9110576923076923 0.16346153846153846 0.17307692307692307 0.17307692307692307
1 0.7800480769230769 0.9266826923076923 0.21875 0.14423076923076922
1 0.3557692307692308 0.9266826923076923 0.23076923076923078 0.14423076923076922
2 0.2608173076923077 0.4879807692307692 0.5168269230769231 0.3701923076923077
0 0.22235576923076922 0.2764423076923077 0.07692307692307693 0.0625
0 0.5961538461538461 0.11778846153846154 0.10096153846153846 0.08653846153846154