2 0.4831730769230769 0.44711538461538464 0.46634615384615385 0.3485576923076923
1 0.7800480769230769 0.6983173076923077 0.23076923076923078 0.1778846153846154
1 0.8894230769230769 0.7692307692307693 0.21634615384615385 0.1778846153846154
1 0.8149038461538461 0.9326923076923077 0.23557692307692307 0.12980769230769232
1 0.5709134615384616 0.7788461538461539 0.22596153846153846 0.21634615384615385
1 0.3449519230769231 0.7367788461538461 0.22596153846153846 0.21634615384615385
1 0.33653846153846156 0.15504807692307693 0.22596153846153846 0.21634615384615385
1 0.30649038461538464 0.08173076923076923 0.20673076923076922 0.15865384615384615
1 0.5637019230769231 0.07932692307692307 0.25 0.15384615384615385
1 0.796875 0.17067307692307693 0.24519230769230768 0.18028846153846154
1 0.8004807692307693 0.3737980769230769 0.24519230769230768 0.20192307692307693
1 0.8185096153846154 0.4987980769230769 0.24519230769230768 0.20192307692307693
1 0.921875 0.4855769230769231 0.15144230769230768 0.20192307692307693
1 0.33653846153846156 0.9050480769230769 0.21875 0.18028846153846154
1 0.09254807692307693 0.07091346153846154 0.18269230769230768 0.13942307692307693
0 0.06370192307692307 0.28365384615384615 0.08413461538461539 0.07211538461538461
0 0.13942307692307693 0.18389423076923078 0.08413461538461539 0.07211538461538461
0 0.4855769230769231 0.9002403846153846 0.08413461538461539 0.07211538461538461