1 0.8894230769230769 0.8125 0.19230769230769232 0.24519230769230768
1 0.5805288461538461 0.7752403846153846 0.19230769230769232 0.24519230769230768
1 0.13221153846153846 0.6021634615384616 0.19230769230769232 0.24519230769230768
1 0.265625 0.1935096153846154 0.19230769230769232 0.24519230769230768
1 0.38221153846153844 0.47836538461538464 0.19230769230769232 0.24519230769230768
1 0.4362980769230769 0.6225961538461539 0.19230769230769232 0.24519230769230768
1 0.24879807692307693 0.8004807692307693 0.16826923076923078 0.2403846153846154
1 0.45913461538461536 0.08052884615384616 0.1778846153846154 0.15865384615384615
1 0.8088942307692307 0.6033653846153846 0.17307692307692307 0.21153846153846154
1 0.9290865384615384 0.5444711538461539 0.13701923076923078 0.24519230769230768
2 0.6875 0.27884615384615385 0.4110576923076923 0.49038461538461536