1 0.2247596153846154 0.7487980769230769 0.20673076923076922 0.17307692307692307
1 0.3581730769230769 0.8173076923076923 0.20673076923076922 0.17307692307692307
1 0.07451923076923077 0.5072115384615384 0.14903846153846154 0.1778846153846154
1 0.16466346153846154 0.5480769230769231 0.14903846153846154 0.1778846153846154
1 0.8401442307692307 0.8112980769230769 0.1971153846153846 0.17307692307692307
1 0.5396634615384616 0.10216346153846154 0.21153846153846154 0.17307692307692307
1 0.26322115384615385 0.28846153846153844 0.21153846153846154 0.17307692307692307
1 0.5853365384615384 0.8822115384615384 0.23557692307692307 0.16346153846153846
1 0.1658653846153846 0.08533653846153846 0.2932692307692308 0.1658653846153846
2 0.7548076923076923 0.4375 0.40384615384615385 0.34134615384615385
0 0.31850961538461536 0.4891826923076923 0.08173076923076923 0.0625
0 0.4230769230769231 0.6466346153846154 0.08173076923076923 0.0625