1 0.2644230769230769 0.21153846153846154 0.21634615384615385 0.16346153846153846
1 0.4951923076923077 0.15745192307692307 0.2932692307692308 0.1971153846153846
1 0.5492788461538461 0.3786057692307692 0.22355769230769232 0.17548076923076922
1 0.32572115384615385 0.9026442307692307 0.20192307692307693 0.1658653846153846
1 0.15504807692307693 0.6598557692307693 0.21634615384615385 0.20192307692307693
1 0.71875 0.8161057692307693 0.17067307692307693 0.14903846153846154
1 0.23677884615384615 0.44591346153846156 0.23557692307692307 0.17548076923076922
1 0.21514423076923078 0.8521634615384616 0.20673076923076922 0.15144230769230768
1 0.7644230769230769 0.6706730769230769 0.18269230769230768 0.1466346153846154
1 0.421875 0.6346153846153846 0.17307692307692307 0.16346153846153846
1 0.4735576923076923 0.7980769230769231 0.20432692307692307 0.15865384615384615
1 0.49759615384615385 0.6754807692307693 0.16346153846153846 0.15144230769230768
1 0.7067307692307693 0.21153846153846154 0 0
2 0.8413461538461539 0.41586538461538464 0.3125 0.42788461538461536