1 0.6033653846153846 0.6310096153846154 0.22115384615384615 0.22596153846153846
1 0.08653846153846154 0.5985576923076923 0.16826923076923078 0.23557692307692307
1 0.11298076923076923 0.3317307692307692 0.18509615384615385 0.24278846153846154
1 0.0829326923076923 0.09375 0.16105769230769232 0.18269230769230768
1 0.3125 0.30528846153846156 0.17548076923076922 0.1971153846153846
1 0.27403846153846156 0.5180288461538461 0.16826923076923078 0.1971153846153846
1 0.47716346153846156 0.41346153846153844 0.13942307692307693 0.27403846153846156
1 0.5060096153846154 0.8930288461538461 0.16826923076923078 0.21153846153846154
1 0.203125 0.8269230769230769 0.19951923076923078 0.23076923076923078
1 0.9182692307692307 0.5360576923076923 0.16105769230769232 0.24278846153846154
1 0.9182692307692307 0.31009615384615385 0.16105769230769232 0.2403846153846154
1 0.7367788461538461 0.765625 0.16346153846153846 0.23798076923076922
1 0.4098557692307692 0.6682692307692307 0.1658653846153846 0.23798076923076922
1 0.8774038461538461 0.05889423076923077 0.20192307692307693 0.11298076923076923
2 0.38822115384615385 0.12860576923076922 0.36778846153846156 0.25240384615384615