2 0.7007211538461539 0.49278846153846156 0.3245192307692308 0.4735576923076923
1 0.3641826923076923 0.5240384615384616 0.14903846153846154 0.17307692307692307
1 0.2776442307692308 0.4483173076923077 0.14903846153846154 0.17307692307692307
1 0.20552884615384615 0.3245192307692308 0.14903846153846154 0.17307692307692307
1 0.20072115384615385 0.41586538461538464 0.14903846153846154 0.21634615384615385
1 0.14423076923076922 0.4387019230769231 0.11778846153846154 0.17067307692307693
1 0.1622596153846154 0.6213942307692307 0.1778846153846154 0.21634615384615385
1 0.9230769230769231 0.7752403846153846 0.14903846153846154 0.25721153846153844
1 0.6009615384615384 0.125 0.15384615384615385 0.23076923076923078
1 0.39783653846153844 0.2127403846153846 0.15384615384615385 0.23076923076923078
1 0.41947115384615385 0.27283653846153844 0.19471153846153846 0.23557692307692307
1 0.5372596153846154 0.2692307692307692 0.15625 0.20432692307692307
1 0.2932692307692308 0.7524038461538461 0.15625 0.2283653846153846
1 0.6346153846153846 0.8545673076923077 0.15625 0.2283653846153846
1 0.7980769230769231 0.9074519230769231 0.21153846153846154 0.18028846153846154
1 0.78125 0.12740384615384615 0.18269230769230768 0.2548076923076923
0 0.8725961538461539 0.3786057692307692 0.0625 0.09615384615384616
1 0.53125 0.9603365384615384 0.15384615384615385 0.07692307692307693
1 0.9423076923076923 0.2776442307692308 0.11057692307692307 0.23317307692307693