2 0.5901442307692307 0.7367788461538461 0.3629807692307692 0.5216346153846154
1 0.3605769230769231 0.6033653846153846 0.125 0.21634615384615385
1 0.34375 0.8557692307692307 0.15625 0.25721153846153844
1 0.19471153846153846 0.7463942307692307 0.16826923076923078 0.18269230769230768
1 0.05889423076923077 0.7980769230769231 0.11538461538461539 0.21634615384615385
1 0.20072115384615385 0.9194711538461539 0.17548076923076922 0.15625
1 0.23317307692307693 0.10817307692307693 0.1875 0.21153846153846154
1 0.47716346153846156 0.051682692307692304 0.18269230769230768 0.10096153846153846
1 0.8930288461538461 0.06610576923076923 0.21153846153846154 0.12980769230769232
1 0.9194711538461539 0.28725961538461536 0.15865384615384615 0.2403846153846154
1 0.8221153846153846 0.7548076923076923 0.17307692307692307 0.23798076923076922
1 0.5120192307692307 0.44591346153846156 0.17307692307692307 0.23798076923076922
1 0.765625 0.24278846153846154 0.1875 0.20192307692307693
1 0.037259615384615384 0.5877403846153846 0.06971153846153846 0.22355769230769232
0 0.4879807692307692 0.140625 0.07692307692307693 0.08173076923076923
1 0.2980769230769231 0.45072115384615385 0.18509615384615385 0.22355769230769232