1 0.25721153846153844 0.9074519230769231 0.25961538461538464 0.18028846153846154
1 0.15264423076923078 0.7271634615384616 0.2548076923076923 0.22596153846153846
1 0.8028846153846154 0.06850961538461539 0.20192307692307693 0.1346153846153846
1 0.453125 0.18028846153846154 0.20192307692307693 0.16346153846153846
1 0.4831730769230769 0.5925480769230769 0.20192307692307693 0.17307692307692307
1 0.3858173076923077 0.6742788461538461 0.22355769230769232 0.16826923076923078
1 0.8028846153846154 0.36658653846153844 0.23317307692307693 0.16826923076923078
1 0.3112980769230769 0.18269230769230768 0.25961538461538464 0.16826923076923078
1 0.7391826923076923 0.22596153846153846 0.2403846153846154 0.15144230769230768
2 0.2283653846153846 0.4338942307692308 0.4423076923076923 0.33653846153846156
0 0.4326923076923077 0.9483173076923077 0.10096153846153846 0.07451923076923077
0 0.9158653846153846 0.09975961538461539 0.07692307692307693 0.07692307692307693