1 0.5913461538461539 0.6778846153846154 0.17307692307692307 0.22596153846153846
1 0.75 0.6105769230769231 0.15384615384615385 0.22355769230769232
1 0.5528846153846154 0.4230769230769231 0.15384615384615385 0.22115384615384615
1 0.7944711538461539 0.37740384615384615 0.1778846153846154 0.23317307692307693
1 0.11057692307692307 0.29927884615384615 0.18028846153846154 0.23317307692307693
1 0.7067307692307693 0.10817307692307693 0.18028846153846154 0.21634615384615385
1 0.2860576923076923 0.3137019230769231 0.20673076923076922 0.24519230769230768
1 0.3762019230769231 0.36177884615384615 0.25961538461538464 0.18990384615384615
1 0.32572115384615385 0.6165865384615384 0.23076923076923078 0.21634615384615385
1 0.1875 0.7043269230769231 0.18269230769230768 0.2283653846153846
1 0.16105769230769232 0.9146634615384616 0.1658653846153846 0.1658653846153846
2 0.8233173076923077 0.8521634615384616 0.3076923076923077 0.29086538461538464