1 0.7752403846153846 0.4423076923076923 0.20192307692307693 0.25240384615384615
1 0.46033653846153844 0.10216346153846154 0.18269230769230768 0.1875
1 0.14423076923076922 0.8930288461538461 0.1875 0.2091346153846154
1 0.28725961538461536 0.3858173076923077 0.18269230769230768 0.21634615384615385
1 0.6899038461538461 0.6334134615384616 0.18269230769230768 0.21634615384615385
1 0.0889423076923077 0.5841346153846154 0.17307692307692307 0.24519230769230768
1 0.4891826923076923 0.6334134615384616 0.18269230769230768 0.21634615384615385
1 0.9290865384615384 0.7800480769230769 0.13942307692307693 0.21634615384615385
1 0.7632211538461539 0.9170673076923077 0.16105769230769232 0.16105769230769232
1 0.07572115384615384 0.24879807692307693 0.1466346153846154 0.2091346153846154
2 0.5168269230769231 0.3581730769230769 0.2091346153846154 0.3173076923076923
0 0.11899038461538461 0.1310096153846154 0.04567307692307692 0.0625
0 0.14543269230769232 0.03245192307692308 0.04326923076923077 0.0625