2 0.5757211538461539 0.29927884615384615 0.2980769230769231 0.2692307692307692
1 0.27283653846153844 0.4963942307692308 0.24519230769230768 0.20673076923076922
1 0.42788461538461536 0.14302884615384615 0.20673076923076922 0.15384615384615385
1 0.24158653846153846 0.11778846153846154 0.22596153846153846 0.22115384615384615
1 0.8341346153846154 0.39302884615384615 0.22115384615384615 0.16826923076923078
1 0.8605769230769231 0.2692307692307692 0.22115384615384615 0.16826923076923078
1 0.8557692307692307 0.2091346153846154 0.22115384615384615 0.16826923076923078
1 0.8557692307692307 0.09615384615384616 0.22115384615384615 0.16826923076923078
1 0.7524038461538461 0.5829326923076923 0.22115384615384615 0.16826923076923078
1 0.7415865384615384 0.7596153846153846 0.22115384615384615 0.16826923076923078
1 0.5060096153846154 0.8725961538461539 0.22115384615384615 0.16826923076923078
1 0.1045673076923077 0.8665865384615384 0.20432692307692307 0.19471153846153846
1 0.08774038461538461 0.6766826923076923 0.17067307692307693 0.19951923076923078
1 0.08774038461538461 0.2692307692307692 0.17067307692307693 0.1971153846153846
1 0.234375 0.3004807692307692 0.2091346153846154 0.19230769230769232
0 0.04927884615384615 0.03245192307692308 0.09615384615384616 0.06490384615384616
0 0.6394230769230769 0.921875 0.0673076923076923 0.057692307692307696
1 0.46033653846153844 0.7139423076923077 0.24519230769230768 0.20673076923076922
1 0.9098557692307693 0.8641826923076923 0.1778846153846154 0.14423076923076922