1 0.7632211538461539 0.5745192307692307 0.22115384615384615 0.1971153846153846
1 0.7235576923076923 0.8425480769230769 0.22115384615384615 0.19951923076923078
1 0.5949519230769231 0.8293269230769231 0.22115384615384615 0.1971153846153846
1 0.36538461538461536 0.7584134615384616 0.18269230769230768 0.1971153846153846
1 0.4879807692307692 0.37259615384615385 0.22596153846153846 0.15384615384615385
1 0.3954326923076923 0.21153846153846154 0.22596153846153846 0.15384615384615385
1 0.8004807692307693 0.1141826923076923 0.22596153846153846 0.15384615384615385
1 0.08173076923076923 0.44350961538461536 0.15865384615384615 0.16826923076923078
1 0.6995192307692307 0.39783653846153844 0.1971153846153846 0.16346153846153846
1 0.3076923076923077 0.5348557692307693 0.21634615384615385 0.17307692307692307
1 0.18269230769230768 0.9459134615384616 0.24759615384615385 0.10576923076923077
1 0.12980769230769232 0.0889423076923077 0.23076923076923078 0.17307692307692307
2 0.14903846153846154 0.7199519230769231 0.2932692307692308 0.3485576923076923