1 0.515625 0.23076923076923078 0.19230769230769232 0.15865384615384615
1 0.47596153846153844 0.3485576923076923 0.19230769230769232 0.15865384615384615
1 0.7211538461538461 0.8449519230769231 0.21153846153846154 0.15865384615384615
1 0.38822115384615385 0.921875 0.21153846153846154 0.15384615384615385
1 0.8978365384615384 0.7992788461538461 0.20192307692307693 0.1875
1 0.29927884615384615 0.5901442307692307 0.20673076923076922 0.18269230769230768
1 0.8377403846153846 0.9471153846153846 0.2692307692307692 0.10336538461538461
2 0.7848557692307693 0.3161057692307692 0.4254807692307692 0.3894230769230769
0 0.41586538461538464 0.546875 0.0673076923076923 0.06490384615384616
0 0.4831730769230769 0.5625 0.08653846153846154 0.055288461538461536
0 0.47596153846153844 0.6129807692307693 0.07451923076923077 0.057692307692307696
0 0.6478365384615384 0.45552884615384615 0.07211538461538461 0.0625