1 0.6454326923076923 0.17548076923076922 0.1875 0.1778846153846154
1 0.3112980769230769 0.6935096153846154 0.25721153846153844 0.17548076923076922
1 0.5600961538461539 0.9110576923076923 0.25721153846153844 0.17548076923076922
1 0.20552884615384615 0.0673076923076923 0.25961538461538464 0.1346153846153846
1 0.2536057692307692 0.20072115384615385 0.25 0.1875
1 0.4050480769230769 0.16947115384615385 0.25 0.1875
1 0.8449519230769231 0.07692307692307693 0.23557692307692307 0.15384615384615385
1 0.0889423076923077 0.5721153846153846 0.17307692307692307 0.18269230769230768
0 0.5192307692307693 0.055288461538461536 0.0985576923076923 0.08173076923076923
0 0.4855769230769231 0.3173076923076923 0.08653846153846154 0.08173076923076923
0 0.02403846153846154 0.06850961538461539 0.04807692307692308 0.06971153846153846
2 0.7247596153846154 0.5925480769230769 0.5480769230769231 0.4951923076923077