1 0.15504807692307693 0.18028846153846154 0.19230769230769232 0.14903846153846154
1 0.09735576923076923 0.6057692307692307 0.19230769230769232 0.15144230769230768
1 0.21875 0.7247596153846154 0.1971153846153846 0.1778846153846154
1 0.4266826923076923 0.7716346153846154 0.19230769230769232 0.15625
1 0.6370192307692307 0.7355769230769231 0.20192307692307693 0.15865384615384615
1 0.47475961538461536 0.6189903846153846 0.20673076923076922 0.13701923076923078
1 0.6838942307692307 0.27163461538461536 0.1971153846153846 0.17067307692307693
1 0.7271634615384616 0.5384615384615384 0.23798076923076922 0.18028846153846154
1 0.859375 0.15985576923076922 0.23076923076923078 0.17307692307692307
1 0.8834134615384616 0.38461538461538464 0.23076923076923078 0.19230769230769232
1 0.5276442307692307 0.15264423076923078 0.1971153846153846 0.17067307692307693
1 0.44711538461538464 0.08653846153846154 0.1971153846153846 0.16826923076923078
1 0.5456730769230769 0.41346153846153844 0.21634615384615385 0.1778846153846154
1 0.8377403846153846 0.8377403846153846 0.23798076923076922 0.18028846153846154
1 0.5817307692307693 0.9086538461538461 0.22115384615384615 0.16346153846153846
1 0.11298076923076923 0.9026442307692307 0.22115384615384615 0.1658653846153846
1 0.3713942307692308 0.9302884615384616 0.21153846153846154 0.13701923076923078
1 0.9170673076923077 0.5564903846153846 0.16346153846153846 0.15865384615384615
2 0.23197115384615385 0.40865384615384615 0.43990384615384615 0.3389423076923077