1 0.1814903846153846 0.18389423076923078 0.18269230769230768 0.1971153846153846
1 0.33413461538461536 0.22716346153846154 0.18509615384615385 0.21634615384615385
1 0.4579326923076923 0.5949519230769231 0.18509615384615385 0.21634615384615385
1 0.17668269230769232 0.6189903846153846 0.1658653846153846 0.19471153846153846
1 0.07091346153846154 0.4567307692307692 0.13942307692307693 0.25961538461538464
1 0.28365384615384615 0.48677884615384615 0.1875 0.2548076923076923
1 0.8774038461538461 0.8737980769230769 0.18509615384615385 0.21634615384615385
1 0.8137019230769231 0.1045673076923077 0.17548076923076922 0.20673076923076922
1 0.53125 0.8834134615384616 0.20192307692307693 0.2283653846153846
1 0.25 0.8701923076923077 0.20432692307692307 0.2548076923076923
2 0.7319711538461539 0.37740384615384615 0.3798076923076923 0.4807692307692308
0 0.46153846153846156 0.33052884615384615 0.057692307692307696 0.0673076923076923