1 0.7704326923076923 0.09615384615384616 0.19471153846153846 0.1875
1 0.8461538461538461 0.6117788461538461 0.16826923076923078 0.20673076923076922
1 0.33653846153846156 0.8269230769230769 0.17067307692307693 0.20673076923076922
1 0.7560096153846154 0.8425480769230769 0.16826923076923078 0.20673076923076922
1 0.5901442307692307 0.4254807692307692 0.17067307692307693 0.24519230769230768
1 0.24879807692307693 0.5721153846153846 0.17067307692307693 0.24519230769230768
1 0.052884615384615384 0.6670673076923077 0.10336538461538461 0.24759615384615385
1 0.03365384615384615 0.35697115384615385 0.06490384615384616 0.24519230769230768
1 0.8197115384615384 0.35096153846153844 0.14423076923076922 0.23557692307692307
1 0.47115384615384615 0.4579326923076923 0.17067307692307693 0.24519230769230768
1 0.49158653846153844 0.6526442307692307 0.17067307692307693 0.24519230769230768
1 0.5396634615384616 0.8413461538461539 0.17307692307692307 0.22115384615384615
2 0.33653846153846156 0.23317307692307693 0.3798076923076923 0.46153846153846156
0 0.16466346153846154 0.8822115384615384 0.07692307692307693 0.06490384615384616