1 0.28966346153846156 0.7295673076923077 0.14903846153846154 0.1875
1 0.25721153846153844 0.9194711538461539 0.15625 0.15865384615384615
1 0.6778846153846154 0.46153846153846156 0.1778846153846154 0.24278846153846154
1 0.84375 0.6550480769230769 0.14903846153846154 0.1971153846153846
1 0.7524038461538461 0.057692307692307696 0.13942307692307693 0.11538461538461539
1 0.8545673076923077 0.1814903846153846 0.18509615384615385 0.22115384615384615
1 0.18870192307692307 0.3088942307692308 0.15625 0.1971153846153846
1 0.5 0.35697115384615385 0.16826923076923078 0.20673076923076922
1 0.9026442307692307 0.03125 0.16826923076923078 0.0625
1 0.9471153846153846 0.35336538461538464 0.10336538461538461 0.22115384615384615
1 0.9699519230769231 0.71875 0.057692307692307696 0.1875
1 0.9182692307692307 0.9086538461538461 0.15865384615384615 0.1778846153846154
1 0.5180288461538461 0.10216346153846154 0.21153846153846154 0.20432692307692307
2 0.46274038461538464 0.8425480769230769 0.22596153846153846 0.3125
0 0.4651442307692308 0.6538461538461539 0.06971153846153846 0.09615384615384616