1 0.25961538461538464 0.4723557692307692 0.19951923076923078 0.20192307692307693
1 0.4639423076923077 0.6454326923076923 0.19951923076923078 0.20192307692307693
1 0.7391826923076923 0.859375 0.19951923076923078 0.20192307692307693
1 0.8870192307692307 0.671875 0.19951923076923078 0.20192307692307693
1 0.8533653846153846 0.25961538461538464 0.19951923076923078 0.20192307692307693
1 0.6862980769230769 0.12379807692307693 0.16105769230769232 0.18990384615384615
1 0.25961538461538464 0.15985576923076922 0.1875 0.20432692307692307
1 0.5600961538461539 0.7584134615384616 0.1875 0.2403846153846154
1 0.7572115384615384 0.46274038461538464 0.1875 0.2403846153846154
1 0.46274038461538464 0.1875 0.1658653846153846 0.23076923076923078
1 0.8701923076923077 0.0673076923076923 0.16346153846153846 0.12980769230769232
1 0.09134615384615384 0.9338942307692307 0.18028846153846154 0.12980769230769232
2 0.5853365384615384 0.4699519230769231 0.1971153846153846 0.2764423076923077