1 0.20552884615384615 0.06850961538461539 0.21153846153846154 0.13701923076923078
1 0.44350961538461536 0.03485576923076923 0.2956730769230769 0.06971153846153846
1 0.6165865384615384 0.5637019230769231 0.25 0.20673076923076922
1 0.3449519230769231 0.6899038461538461 0.2403846153846154 0.16826923076923078
1 0.23677884615384615 0.32211538461538464 0.25961538461538464 0.16826923076923078
1 0.4831730769230769 0.9086538461538461 0.24519230769230768 0.18028846153846154
1 0.9098557692307693 0.5637019230769231 0.17548076923076922 0.18028846153846154
1 0.7199519230769231 0.1875 0.21634615384615385 0.22115384615384615
1 0.5396634615384616 0.14182692307692307 0.28846153846153844 0.21153846153846154
1 0.2127403846153846 0.5168269230769231 0.22596153846153846 0.21153846153846154
1 0.9194711538461539 0.3401442307692308 0.15625 0.2091346153846154
0 0.04447115384615385 0.3269230769230769 0.08413461538461539 0.0673076923076923
0 0.8317307692307693 0.43509615384615385 0.09134615384615384 0.0625
2 0.8305288461538461 0.7487980769230769 0.33653846153846156 0.2620192307692308