1 0.6262019230769231 0.10576923076923077 0.2620192307692308 0.16346153846153846
1 0.21754807692307693 0.125 0.2620192307692308 0.16346153846153846
1 0.6778846153846154 0.2776442307692308 0.2620192307692308 0.16346153846153846
1 0.7764423076923077 0.7884615384615384 0.25721153846153844 0.18269230769230768
1 0.39783653846153844 0.3713942307692308 0.24519230769230768 0.17307692307692307
1 0.18990384615384615 0.38341346153846156 0.19230769230769232 0.1778846153846154
1 0.5889423076923077 0.9098557692307693 0.20432692307692307 0.16346153846153846
1 0.8954326923076923 0.41346153846153844 0.20432692307692307 0.18990384615384615
1 0.9146634615384616 0.25721153846153844 0.16826923076923078 0.16346153846153846
1 0.35096153846153844 0.6033653846153846 0.2091346153846154 0.2091346153846154
1 0.07572115384615384 0.5264423076923077 0.15144230769230768 0.18269230769230768
2 0.6514423076923077 0.5516826923076923 0.4495192307692308 0.3798076923076923
0 0.7391826923076923 0.9122596153846154 0.08653846153846154 0.052884615384615384