1 0.7512019230769231 0.7740384615384616 0.18509615384615385 0.22115384615384615
1 0.5552884615384616 0.7632211538461539 0.13701923076923078 0.22115384615384615
1 0.4987980769230769 0.06490384615384616 0.15865384615384615 0.125
1 0.45552884615384615 0.48197115384615385 0.14903846153846154 0.23317307692307693
1 0.42788461538461536 0.7872596153846154 0.125 0.20192307692307693
1 0.8713942307692307 0.32572115384615385 0.16346153846153846 0.24519230769230768
1 0.8028846153846154 0.1346153846153846 0.15384615384615385 0.18990384615384615
1 0.9350961538461539 0.0625 0.125 0.1201923076923077
1 0.7223557692307693 0.03365384615384615 0.16346153846153846 0.06490384615384616
1 0.5829326923076923 0.2704326923076923 0.15384615384615385 0.18990384615384615
1 0.6730769230769231 0.3293269230769231 0.15865384615384615 0.22596153846153846
1 0.078125 0.08533653846153846 0.15625 0.16346153846153846
1 0.04927884615384615 0.30528846153846156 0.0985576923076923 0.25721153846153844
2 0.2764423076923077 0.2127403846153846 0.37259615384615385 0.4206730769230769
0 0.7668269230769231 0.6442307692307693 0.0673076923076923 0.08653846153846154
0 0.9699519230769231 0.40625 0.057692307692307696 0.09134615384615384