1 0.12379807692307693 0.2848557692307692 0.24278846153846154 0.18509615384615385
1 0.6923076923076923 0.6995192307692307 0.24519230769230768 0.18269230769230768
1 0.6923076923076923 0.53125 0.24519230769230768 0.18269230769230768
1 0.8317307692307693 0.36778846153846156 0.24759615384615385 0.21153846153846154
1 0.7319711538461539 0.1935096153846154 0.2403846153846154 0.14903846153846154
1 0.265625 0.8569711538461539 0.20673076923076922 0.1778846153846154
1 0.07211538461538461 0.46875 0.13942307692307693 0.14903846153846154
1 0.375 0.2848557692307692 0.24519230769230768 0.18269230769230768
1 0.46033653846153844 0.9435096153846154 0.24759615384615385 0.10817307692307693
0 0.9326923076923077 0.8846153846153846 0.12980769230769232 0.10817307692307693
0 0.90625 0.6574519230769231 0.08653846153846154 0.0625
0 0.42427884615384615 0.8449519230769231 0.11538461538461539 0.07211538461538461
0 0.30649038461538464 0.020432692307692308 0.10336538461538461 0.038461538461538464
2 0.2704326923076923 0.625 0.43028846153846156 0.3173076923076923