1 0.3016826923076923 0.2548076923076923 0.18990384615384615 0.2692307692307692
1 0.5096153846153846 0.2247596153846154 0.17067307692307693 0.18028846153846154
1 0.15384615384615385 0.47115384615384615 0.16826923076923078 0.31490384615384615
1 0.3233173076923077 0.6658653846153846 0.16105769230769232 0.22115384615384615
1 0.7932692307692307 0.07932692307692307 0.1875 0.15384615384615385
1 0.234375 0.9278846153846154 0.12259615384615384 0.13942307692307693
1 0.5829326923076923 0.84375 0.21153846153846154 0.22596153846153846
1 0.4326923076923077 0.8052884615384616 0.14182692307692307 0.20432692307692307
1 0.9242788461538461 0.4050480769230769 0.1466346153846154 0.24278846153846154
1 0.1201923076923077 0.14302884615384615 0.16105769230769232 0.23798076923076922
1 0.052884615384615384 0.9086538461538461 0.10336538461538461 0.1778846153846154
2 0.5516826923076923 0.5204326923076923 0.31971153846153844 0.375
1 0.7680288461538461 0.49399038461538464 0.17067307692307693 0.18028846153846154
1 0.6899038461538461 0.7475961538461539 0.20192307692307693 0.23557692307692307