1 0.4266826923076923 0.3161057692307692 0.20673076923076922 0.1346153846153846
1 0.4266826923076923 0.22115384615384615 0.20673076923076922 0.1346153846153846
1 0.8329326923076923 0.30528846153846156 0.20432692307692307 0.15384615384615385
1 0.8990384615384616 0.5865384615384616 0.1971153846153846 0.15384615384615385
1 0.5865384615384616 0.46875 0.2403846153846154 0.12980769230769232
1 0.671875 0.8846153846153846 0.23557692307692307 0.15625
1 0.2932692307692308 0.953125 0.23317307692307693 0.09134615384615384
2 0.5901442307692307 0.6742788461538461 0.40384615384615385 0.3485576923076923
1 0.2403846153846154 0.2980769230769231 0.19951923076923078 0.16346153846153846
1 0.2091346153846154 0.4567307692307692 0.19951923076923078 0.16346153846153846
1 0.14302884615384615 0.5600961538461539 0.20192307692307693 0.1778846153846154