1 0.5096153846153846 0.3173076923076923 0.22115384615384615 0.16105769230769232
1 0.5324519230769231 0.3942307692307692 0.27403846153846156 0.1658653846153846
1 0.5661057692307693 0.12980769230769232 0.2403846153846154 0.1875
1 0.7680288461538461 0.07692307692307693 0.21153846153846154 0.14903846153846154
1 0.5492788461538461 0.5913461538461539 0.23557692307692307 0.17548076923076922
1 0.3173076923076923 0.8918269230769231 0.20673076923076922 0.14903846153846154
1 0.7896634615384616 0.9098557692307693 0.21153846153846154 0.14903846153846154
1 0.12620192307692307 0.09615384615384616 0.18028846153846154 0.14423076923076922
1 0.33533653846153844 0.5588942307692307 0.19230769230769232 0.14182692307692307
1 0.8641826923076923 0.8137019230769231 0.24519230769230768 0.19471153846153846
1 0.8449519230769231 0.5084134615384616 0.21634615384615385 0.20192307692307693
2 0.17908653846153846 0.37740384615384615 0.35336538461538464 0.36538461538461536