1 0.46274038461538464 0.26802884615384615 0.24519230769230768 0.2403846153846154
1 0.7007211538461539 0.3557692307692308 0.27163461538461536 0.21153846153846154
1 0.8954326923076923 0.4807692307692308 0.20432692307692307 0.18028846153846154
1 0.7932692307692307 0.6478365384615384 0.2548076923076923 0.17067307692307693
1 0.6057692307692307 0.7091346153846154 0.2548076923076923 0.16826923076923078
1 0.7103365384615384 0.8665865384615384 0.25240384615384615 0.15865384615384615
1 0.3737980769230769 0.7560096153846154 0.20432692307692307 0.22115384615384615
1 0.21394230769230768 0.6225961538461539 0.22115384615384615 0.15384615384615385
1 0.1658653846153846 0.30528846153846156 0.1971153846153846 0.1778846153846154
1 0.9338942307692307 0.21634615384615385 0.12740384615384615 0.17307692307692307
2 0.11658653846153846 0.7956730769230769 0.2283653846153846 0.3894230769230769