1 0.07692307692307693 0.8365384615384616 0.14903846153846154 0.22115384615384615
1 0.11177884615384616 0.6117788461538461 0.21875 0.31009615384615385
1 0.11177884615384616 0.43028846153846156 0.18990384615384615 0.20673076923076922
1 0.23798076923076922 0.4579326923076923 0.11298076923076923 0.28846153846153844
1 0.06610576923076923 0.06129807692307692 0.12740384615384615 0.11778846153846154
1 0.47115384615384615 0.1658653846153846 0.17307692307692307 0.24519230769230768
1 0.6622596153846154 0.08413461538461539 0.15144230769230768 0.16346153846153846
1 0.3245192307692308 0.26802884615384615 0.18269230769230768 0.19230769230769232
1 0.3737980769230769 0.5420673076923077 0.1971153846153846 0.1971153846153846
1 0.3137019230769231 0.7728365384615384 0.19230769230769232 0.2548076923076923
1 0.4326923076923077 0.7776442307692307 0.19230769230769232 0.2548076923076923
1 0.640625 0.75 0.19230769230769232 0.28365384615384615
1 0.17307692307692307 0.18028846153846154 0.12980769230769232 0.2932692307692308
1 0.06610576923076923 0.23798076923076922 0.12740384615384615 0.20673076923076922
1 0.2512019230769231 0.0985576923076923 0.17067307692307693 0.19230769230769232
1 0.9290865384615384 0.4639423076923077 0.13942307692307693 0.3076923076923077
1 0.8137019230769231 0.9350961538461539 0.20192307692307693 0.125
0 0.7512019230769231 0.7620192307692307 0.0673076923076923 0.10096153846153846
2 0.6538461538461539 0.4483173076923077 0.38221153846153844 0.44711538461538464