1 0.7307692307692307 0.11298076923076923 0.20432692307692307 0.16105769230769232
1 0.8569711538461539 0.5709134615384616 0.2283653846153846 0.20192307692307693
1 0.5408653846153846 0.9194711538461539 0.27884615384615385 0.15865384615384615
1 0.18389423076923078 0.8762019230769231 0.2764423076923077 0.19951923076923078
1 0.08052884615384616 0.7379807692307693 0.15865384615384615 0.1778846153846154
1 0.6370192307692307 0.609375 0.20432692307692307 0.16826923076923078
1 0.7019230769230769 0.7800480769230769 0.22355769230769232 0.22115384615384615
1 0.8485576923076923 0.9483173076923077 0.22355769230769232 0.10096153846153846
1 0.9206730769230769 0.07692307692307693 0.15384615384615385 0.15384615384615385
1 0.1502403846153846 0.19230769230769232 0.24519230769230768 0.16826923076923078
1 0.5288461538461539 0.3317307692307692 0.2548076923076923 0.21153846153846154
1 0.7896634615384616 0.2848557692307692 0.20673076923076922 0.1875