1 0.15865384615384615 0.5492788461538461 0.21634615384615385 0.18028846153846154
1 0.12139423076923077 0.3737980769230769 0.21634615384615385 0.18028846153846154
1 0.109375 0.17427884615384615 0.21634615384615385 0.18269230769230768
1 0.32572115384615385 0.0733173076923077 0.25240384615384615 0.14423076923076922
1 0.9050480769230769 0.10336538461538461 0.18509615384615385 0.19230769230769232
1 0.671875 0.3473557692307692 0.2548076923076923 0.18990384615384615
1 0.8689903846153846 0.2668269230769231 0.2403846153846154 0.1778846153846154
1 0.16826923076923078 0.9447115384615384 0.25961538461538464 0.10576923076923077
1 0.625 0.921875 0.23076923076923078 0.15144230769230768
1 0.5024038461538461 0.27884615384615385 0.22355769230769232 0.15384615384615385
1 0.7608173076923077 0.12259615384615384 0.21634615384615385 0.19951923076923078
2 0.5721153846153846 0.5829326923076923 0.39903846153846156 0.42788461538461536