1 0.6802884615384616 0.7944711538461539 0.21875 0.17067307692307693
1 0.375 0.8509615384615384 0.21875 0.17067307692307693
1 0.5516826923076923 0.9242788461538461 0.22355769230769232 0.14903846153846154
1 0.21514423076923078 0.9435096153846154 0.22596153846153846 0.10817307692307693
1 0.125 0.5709134615384616 0.22596153846153846 0.1875
1 0.7992788461538461 0.5540865384615384 0.23557692307692307 0.19230769230769232
1 0.8389423076923077 0.38461538461538464 0.25 0.15625
1 0.890625 0.6911057692307693 0.21394230769230768 0.16105769230769232
1 0.5757211538461539 0.054086538461538464 0.22596153846153846 0.10576923076923077
1 0.10576923076923077 0.04567307692307692 0.20673076923076922 0.09134615384615384
1 0.9254807692307693 0.06610576923076923 0.14423076923076922 0.13221153846153846
1 0.90625 0.2283653846153846 0.18269230769230768 0.1875
1 0.24158653846153846 0.13341346153846154 0.1971153846153846 0.18269230769230768
2 0.4519230769230769 0.45072115384615385 0.43990384615384615 0.33653846153846156
0 0.11057692307692307 0.4639423076923077 0.08173076923076923 0.04807692307692308