1 0.5588942307692307 0.4014423076923077 0.18269230769230768 0.1971153846153846
1 0.6802884615384616 0.578125 0.1875 0.2403846153846154
1 0.6838942307692307 0.5829326923076923 0.1875 0.2403846153846154
1 0.8185096153846154 0.47716346153846156 0.17548076923076922 0.22115384615384615
1 0.9242788461538461 0.9158653846153846 0.1466346153846154 0.16346153846153846
1 0.17908653846153846 0.8521634615384616 0.16826923076923078 0.20192307692307693
1 0.140625 0.609375 0.16346153846153846 0.21634615384615385
1 0.9086538461538461 0.25841346153846156 0.1346153846153846 0.19230769230769232
1 0.8786057692307693 0.6899038461538461 0.1346153846153846 0.19230769230769232
1 0.9002403846153846 0.5048076923076923 0.1346153846153846 0.19230769230769232
1 0.41947115384615385 0.33533653846153844 0.10576923076923077 0.22596153846153846
1 0.35216346153846156 0.7920673076923077 0.14903846153846154 0.1875
1 0.26802884615384615 0.6189903846153846 0.16346153846153846 0.18509615384615385
1 0.38221153846153844 0.06370192307692307 0.16346153846153846 0.12259615384615384
1 0.7139423076923077 0.36899038461538464 0.14423076923076922 0.21153846153846154
2 0.22235576923076922 0.30288461538461536 0.31009615384615385 0.4375
0 0.49278846153846156 0.1466346153846154 0.0673076923076923 0.08173076923076923