1 0.4050480769230769 0.296875 0.16105769230769232 0.18990384615384615
1 0.578125 0.2548076923076923 0.17307692307692307 0.19230769230769232
1 0.8245192307692307 0.18028846153846154 0.17307692307692307 0.22115384615384615
1 0.9158653846153846 0.5360576923076923 0.16346153846153846 0.22355769230769232
1 0.41586538461538464 0.5432692307692307 0.17307692307692307 0.22115384615384615
1 0.4098557692307692 0.7584134615384616 0.17307692307692307 0.22115384615384615
1 0.5540865384615384 0.8064903846153846 0.19230769230769232 0.2548076923076923
1 0.6586538461538461 0.6045673076923077 0.16346153846153846 0.21153846153846154
1 0.7584134615384616 0.6574519230769231 0.18028846153846154 0.24519230769230768
1 0.7451923076923077 0.421875 0.18028846153846154 0.18269230769230768
1 0.8100961538461539 0.8930288461538461 0.19230769230769232 0.2091346153846154
1 0.2860576923076923 0.7115384615384616 0.14182692307692307 0.22115384615384615
1 0.078125 0.6766826923076923 0.15625 0.22115384615384615
1 0.09014423076923077 0.47836538461538464 0.15865384615384615 0.20673076923076922
1 0.7199519230769231 0.359375 0.1346153846153846 0.23798076923076922
2 0.19110576923076922 0.19591346153846154 0.3605769230769231 0.3894230769230769