1 0.7415865384615384 0.71875 0.1778846153846154 0.2764423076923077
1 0.2512019230769231 0.41466346153846156 0.18990384615384615 0.23317307692307693
1 0.17307692307692307 0.234375 0.15144230769230768 0.2403846153846154
1 0.38100961538461536 0.2800480769230769 0.1875 0.24759615384615385
1 0.07451923076923077 0.6875 0.1466346153846154 0.24519230769230768
1 0.8942307692307693 0.7451923076923077 0.13942307692307693 0.22596153846153846
1 0.7307692307692307 0.32091346153846156 0.16826923076923078 0.22355769230769232
1 0.8413461538461539 0.5048076923076923 0.21634615384615385 0.19951923076923078
1 0.5420673076923077 0.055288461538461536 0.18509615384615385 0.10576923076923077
1 0.30288461538461536 0.8449519230769231 0.21875 0.25961538461538464
0 0.6009615384615384 0.43149038461538464 0.06971153846153846 0.08653846153846154
0 0.13822115384615385 0.9399038461538461 0.06490384615384616 0.07692307692307693
2 0.5492788461538461 0.6983173076923077 0.27884615384615385 0.35096153846153844