1 0.1778846153846154 0.8425480769230769 0.18269230769230768 0.2692307692307692
1 0.41586538461538464 0.7824519230769231 0.2403846153846154 0.22596153846153846
1 0.15504807692307693 0.18870192307692307 0.19951923076923078 0.24278846153846154
1 0.6382211538461539 0.17548076923076922 0.19951923076923078 0.24278846153846154
1 0.44350961538461536 0.28125 0.20192307692307693 0.2692307692307692
1 0.9507211538461539 0.5132211538461539 0.09615384615384616 0.22596153846153846
1 0.22596153846153846 0.46875 0.17307692307692307 0.23557692307692307
1 0.27403846153846156 0.3798076923076923 0.14182692307692307 0.19230769230769232
1 0.41346153846153844 0.5360576923076923 0.19230769230769232 0.20192307692307693
1 0.32211538461538464 0.10096153846153846 0.15384615384615385 0.20192307692307693
1 0.921875 0.234375 0.15384615384615385 0.22115384615384615
1 0.0673076923076923 0.4098557692307692 0.1346153846153846 0.2644230769230769
1 0.8689903846153846 0.42788461538461536 0.10336538461538461 0.14423076923076922
2 0.6574519230769231 0.6658653846153846 0.4326923076923077 0.5528846153846154