1 0.7319711538461539 0.20793269230769232 0.20192307692307693 0.13942307692307693
1 0.48677884615384615 0.5661057692307693 0.21634615384615385 0.18509615384615385
1 0.5805288461538461 0.9362980769230769 0.1971153846153846 0.125
1 0.40625 0.8882211538461539 0.21634615384615385 0.16346153846153846
1 0.10697115384615384 0.8737980769230769 0.2091346153846154 0.17067307692307693
1 0.23557692307692307 0.8004807692307693 0.21153846153846154 0.16826923076923078
1 0.2283653846153846 0.921875 0.21634615384615385 0.15384615384615385
1 0.6105769230769231 0.7379807692307693 0.21634615384615385 0.18509615384615385
1 0.8942307692307693 0.5913461538461539 0.1971153846153846 0.13942307692307693
1 0.9182692307692307 0.8509615384615384 0.15865384615384615 0.14903846153846154
1 0.9182692307692307 0.7163461538461539 0.15865384615384615 0.14903846153846154
1 0.9182692307692307 0.08413461538461539 0.15865384615384615 0.14903846153846154
1 0.15865384615384615 0.30649038461538464 0.22355769230769232 0.12980769230769232
2 0.17067307692307693 0.10817307692307693 0.30288461538461536 0.1971153846153846
0 0.1141826923076923 0.5612980769230769 0.08413461538461539 0.07451923076923077