1 0.24158653846153846 0.7127403846153846 0.28846153846153844 0.16346153846153846
1 0.53125 0.9158653846153846 0.23798076923076922 0.1658653846153846
1 0.09735576923076923 0.8401442307692307 0.18990384615384615 0.18509615384615385
1 0.5 0.28365384615384615 0.21634615384615385 0.18269230769230768
1 0.8846153846153846 0.37740384615384615 0.22596153846153846 0.18509615384615385
1 0.9002403846153846 0.6237980769230769 0.19471153846153846 0.17307692307692307
1 0.7043269230769231 0.27524038461538464 0.21634615384615385 0.18269230769230768
1 0.9014423076923077 0.22115384615384615 0.19230769230769232 0.1875
1 0.33413461538461536 0.47596153846153844 0.1658653846153846 0.1875
1 0.12740384615384615 0.40865384615384615 0.25 0.11538461538461539
1 0.27163461538461536 0.8954326923076923 0.20192307692307693 0.15384615384615385
1 0.8858173076923077 0.7980769230769231 0.22115384615384615 0.16105769230769232
1 0.6502403846153846 0.057692307692307696 0.23798076923076922 0.11538461538461539
2 0.6334134615384616 0.4807692307692308 0.4735576923076923 0.36538461538461536