1 0.08774038461538461 0.3473557692307692 0.17548076923076922 0.22355769230769232
1 0.5144230769230769 0.10216346153846154 0.17548076923076922 0.20432692307692307
1 0.7271634615384616 0.1875 0.18028846153846154 0.23798076923076922
1 0.9314903846153846 0.5625 0.1346153846153846 0.23076923076923078
1 0.7692307692307693 0.5853365384615384 0.15865384615384615 0.20673076923076922
1 0.4891826923076923 0.4375 0.17307692307692307 0.22355769230769232
1 0.49278846153846156 0.6189903846153846 0.17067307692307693 0.25961538461538464
1 0.40384615384615385 0.7560096153846154 0.1875 0.19230769230769232
1 0.5384615384615384 0.8894230769230769 0.19230769230769232 0.21634615384615385
1 0.27403846153846156 0.46634615384615385 0.22115384615384615 0.2932692307692308
1 0.8245192307692307 0.37259615384615385 0.21634615384615385 0.25
1 0.41346153846153844 0.25600961538461536 0.17307692307692307 0.21875
2 0.7800480769230769 0.8533653846153846 0.34615384615384615 0.28846153846153844