1 0.7331730769230769 0.20552884615384615 0.21153846153846154 0.16105769230769232
1 0.5060096153846154 0.15264423076923078 0.28846153846153844 0.19471153846153846
1 0.453125 0.36899038461538464 0.22115384615384615 0.17307692307692307
1 0.6730769230769231 0.8834134615384616 0.1971153846153846 0.16346153846153846
1 0.8401442307692307 0.6454326923076923 0.21153846153846154 0.19951923076923078
1 0.28846153846153844 0.7992788461538461 0.16826923076923078 0.1466346153846154
1 0.7596153846153846 0.4362980769230769 0.23076923076923078 0.17307692307692307
1 0.7800480769230769 0.8341346153846154 0.20192307692307693 0.1466346153846154
1 0.2439903846153846 0.65625 0.1778846153846154 0.14423076923076922
1 0.5793269230769231 0.6213942307692307 0.17067307692307693 0.15865384615384615
1 0.5288461538461539 0.78125 0.20192307692307693 0.15625
1 0.5048076923076923 0.6610576923076923 0.15865384615384615 0.14903846153846154
1 0.29927884615384615 0.20552884615384615 0 0
2 0.16105769230769232 0.40625 0.3173076923076923 0.4206730769230769