1 0.40625 0.59375 0.22115384615384615 0.15384615384615385
1 0.3269230769230769 0.3473557692307692 0.22115384615384615 0.15384615384615385
1 0.3245192307692308 0.42788461538461536 0.22115384615384615 0.15384615384615385
1 0.140625 0.46153846153846156 0.21153846153846154 0.16826923076923078
1 0.19471153846153846 0.20552884615384615 0.21153846153846154 0.16826923076923078
1 0.17548076923076922 0.07932692307692307 0.21634615384615385 0.15865384615384615
1 0.08533653846153846 0.6310096153846154 0.16346153846153846 0.15625
1 0.1045673076923077 0.6899038461538461 0.17548076923076922 0.15384615384615385
1 0.16105769230769232 0.7283653846153846 0.17548076923076922 0.15384615384615385
1 0.20552884615384615 0.7944711538461539 0.17548076923076922 0.15384615384615385
1 0.24879807692307693 0.8329326923076923 0.17548076923076922 0.15384615384615385
1 0.28125 0.8653846153846154 0.17548076923076922 0.15384615384615385
1 0.5024038461538461 0.7716346153846154 0.17548076923076922 0.15384615384615385
1 0.4855769230769231 0.8245192307692307 0.17548076923076922 0.15384615384615385
1 0.4567307692307692 0.8822115384615384 0.17548076923076922 0.15384615384615385
1 0.7163461538461539 0.6983173076923077 0.22355769230769232 0.15865384615384615
1 0.6754807692307693 0.07692307692307693 0.22596153846153846 0.15384615384615385
1 0.7620192307692307 0.20072115384615385 0.22355769230769232 0.16105769230769232
1 0.7139423076923077 0.3557692307692308 0.17307692307692307 0.13701923076923078
1 0.90625 0.6117788461538461 0.17307692307692307 0.13701923076923078
1 0.6346153846153846 0.9411057692307693 0.17548076923076922 0.11538461538461539
2 0.84375 0.8894230769230769 0.2644230769230769 0.21875
1 0.5180288461538461 0.4387019230769231 0.22115384615384615 0.15384615384615385
1 0.8233173076923077 0.3293269230769231 0.22115384615384615 0.15384615384615385
0 0.9639423076923077 0.29447115384615385 0.06009615384615385 0.04807692307692308