1 0.5024038461538461 0.65625 0.30288461538461536 0.21634615384615385
1 0.17908653846153846 0.2644230769230769 0.25721153846153844 0.15865384615384615
1 0.1310096153846154 0.08533653846153846 0.25721153846153844 0.15865384615384615
1 0.8569711538461539 0.38221153846153844 0.21153846153846154 0.15625
1 0.6418269230769231 0.3858173076923077 0.2668269230769231 0.17548076923076922
1 0.4014423076923077 0.44591346153846156 0.2668269230769231 0.17548076923076922
1 0.5853365384615384 0.0829326923076923 0.25961538461538464 0.16346153846153846
1 0.7692307692307693 0.1778846153846154 0.2548076923076923 0.22596153846153846
1 0.49399038461538464 0.9074519230769231 0.2860576923076923 0.18028846153846154
1 0.7475961538461539 0.7776442307692307 0.2620192307692308 0.19471153846153846
2 0.19471153846153846 0.6634615384615384 0.38461538461538464 0.35096153846153844
0 0.7175480769230769 0.040865384615384616 0.07211538461538461 0.0625