1 0.6634615384615384 0.3870192307692308 0.18990384615384615 0.2403846153846154
1 0.7211538461538461 0.6165865384615384 0.15865384615384615 0.1971153846153846
1 0.8894230769230769 0.9194711538461539 0.20673076923076922 0.15625
1 0.17548076923076922 0.8701923076923077 0.16346153846153846 0.20192307692307693
1 0.171875 0.2608173076923077 0.16346153846153846 0.2091346153846154
1 0.45072115384615385 0.19591346153846154 0.18028846153846154 0.21634615384615385
1 0.8846153846153846 0.4879807692307692 0.22355769230769232 0.23317307692307693
1 0.9278846153846154 0.7103365384615384 0.13942307692307693 0.20432692307692307
1 0.21514423076923078 0.4675480769230769 0.16346153846153846 0.2091346153846154
1 0.32211538461538464 0.8774038461538461 0.18269230769230768 0.21153846153846154
2 0.5120192307692307 0.6838942307692307 0.3557692307692308 0.46634615384615385