1 0.8858173076923077 0.08774038461538461 0.22596153846153846 0.17307692307692307
1 0.8521634615384616 0.23677884615384615 0.23317307692307693 0.18028846153846154
1 0.890625 0.7463942307692307 0.21394230769230768 0.15625
1 0.7391826923076923 0.43149038461538464 0.2668269230769231 0.1971153846153846
1 0.5540865384615384 0.3485576923076923 0.2668269230769231 0.1971153846153846
1 0.12139423076923077 0.30528846153846156 0.23798076923076922 0.1875
1 0.5360576923076923 0.1778846153846154 0.21394230769230768 0.16346153846153846
1 0.3161057692307692 0.8737980769230769 0.24519230769230768 0.1778846153846154
1 0.7379807692307693 0.8449519230769231 0.22115384615384615 0.20192307692307693
1 0.7079326923076923 0.6129807692307693 0.2091346153846154 0.17307692307692307
1 0.9170673076923077 0.5961538461538461 0.16105769230769232 0.17548076923076922
1 0.16826923076923078 0.7644230769230769 0.24519230769230768 0.17307692307692307
1 0.09735576923076923 0.640625 0.19230769230769232 0.16346153846153846
0 0.36177884615384615 0.15745192307692307 0.0985576923076923 0.052884615384615384
0 0.3545673076923077 0.28966346153846156 0.11538461538461539 0.09134615384615384
0 0.49399038461538464 0.8209134615384616 0.0985576923076923 0.0673076923076923
0 0.4110576923076923 0.8197115384615384 0.07692307692307693 0.0625
2 0.3473557692307692 0.5612980769230769 0.42788461538461536 0.35096153846153844