1 0.6117788461538461 0.1201923076923077 0.1778846153846154 0.18509615384615385
1 0.4519230769230769 0.15985576923076922 0.16346153846153846 0.2403846153846154
1 0.5757211538461539 0.6021634615384616 0.13942307692307693 0.2091346153846154
1 0.8665865384615384 0.4387019230769231 0.17307692307692307 0.2644230769230769
1 0.5120192307692307 0.9387019230769231 0.14182692307692307 0.11778846153846154
1 0.39903846153846156 0.9387019230769231 0.14182692307692307 0.11778846153846154
1 0.9447115384615384 0.7788461538461539 0.10817307692307693 0.24519230769230768
1 0.7692307692307693 0.7247596153846154 0.19230769230769232 0.2283653846153846
1 0.19951923076923078 0.09134615384615384 0.18028846153846154 0.18269230769230768
1 0.11658653846153846 0.12259615384615384 0.1466346153846154 0.20192307692307693
2 0.3329326923076923 0.421875 0.19951923076923078 0.2692307692307692
0 0.9819711538461539 0.2692307692307692 0.03365384615384615 0.09134615384615384
0 0.8846153846153846 0.8689903846153846 0.052884615384615384 0.0889423076923077