2 0.28846153846153844 0.29927884615384615 0.3004807692307692 0.4014423076923077
1 0.39903846153846156 0.6875 0.1875 0.2283653846153846
1 0.33052884615384615 0.6334134615384616 0.1875 0.2283653846153846
1 0.7127403846153846 0.5432692307692307 0.15625 0.2283653846153846
1 0.8641826923076923 0.6875 0.1875 0.2283653846153846
1 0.9326923076923077 0.2127403846153846 0.12980769230769232 0.25240384615384615
1 0.4735576923076923 0.109375 0.15865384615384615 0.21634615384615385
1 0.055288461538461536 0.34134615384615385 0.11057692307692307 0.21153846153846154
1 0.06490384615384616 0.6141826923076923 0.125 0.23317307692307693
1 0.14423076923076922 0.7283653846153846 0.1658653846153846 0.23076923076923078
1 0.5685096153846154 0.8629807692307693 0.21153846153846154 0.25240384615384615
1 0.7019230769230769 0.7836538461538461 0.16105769230769232 0.2403846153846154
1 0.9314903846153846 0.3798076923076923 0.1346153846153846 0.2403846153846154
1 0.6622596153846154 0.5504807692307693 0.10336538461538461 0.22596153846153846
1 0.7439903846153846 0.9266826923076923 0.1658653846153846 0.14182692307692307
1 0.8401442307692307 0.9266826923076923 0.1658653846153846 0.14182692307692307
0 0.2608173076923077 0.7956730769230769 0.06009615384615385 0.07692307692307693
1 0.8173076923076923 0.33774038461538464 0.15625 0.2283653846153846
1 0.2283653846153846 0.9194711538461539 0.1778846153846154 0.15625
1 0.19110576923076922 0.0889423076923077 0.22596153846153846 0.17307692307692307