1 0.41947115384615385 0.09375 0.1346153846153846 0.18269230769230768
1 0.7331730769230769 0.1502403846153846 0.15384615384615385 0.20192307692307693
1 0.9242788461538461 0.20192307692307693 0.1466346153846154 0.21153846153846154
1 0.8076923076923077 0.3389423076923077 0.15384615384615385 0.20192307692307693
1 0.8930288461538461 0.9122596153846154 0.1658653846153846 0.17067307692307693
1 0.6682692307692307 0.8894230769230769 0.1875 0.21634615384615385
1 0.484375 0.8846153846153846 0.15625 0.22596153846153846
1 0.09735576923076923 0.9338942307692307 0.1658653846153846 0.12740384615384615
1 0.09495192307692307 0.6826923076923077 0.16826923076923078 0.22115384615384615
1 0.08052884615384616 0.12139423076923077 0.15865384615384615 0.22115384615384615
1 0.3581730769230769 0.3076923076923077 0.19471153846153846 0.23557692307692307
1 0.44350961538461536 0.4951923076923077 0.19471153846153846 0.23557692307692307
1 0.8725961538461539 0.5757211538461539 0.17307692307692307 0.19230769230769232
1 0.6081730769230769 0.38100961538461536 0.19230769230769232 0.23317307692307693
2 0.3233173076923077 0.7223557692307693 0.33653846153846156 0.4110576923076923