1 0.31490384615384615 0.4326923076923077 0.14423076923076922 0.22596153846153846
1 0.4963942307692308 0.9038461538461539 0.17307692307692307 0.1875
1 0.3473557692307692 0.8653846153846154 0.17307692307692307 0.20432692307692307
1 0.4206730769230769 0.6850961538461539 0.1971153846153846 0.2283653846153846
1 0.8245192307692307 0.7331730769230769 0.1971153846153846 0.2283653846153846
1 0.7680288461538461 0.47115384615384615 0.15384615384615385 0.22115384615384615
1 0.2860576923076923 0.12259615384615384 0.20673076923076922 0.24519230769230768
1 0.21394230769230768 0.9086538461538461 0.14903846153846154 0.1778846153846154
1 0.25600961538461536 0.6442307692307693 0.14182692307692307 0.2403846153846154
1 0.5600961538461539 0.06971153846153846 0.16826923076923078 0.13942307692307693
2 0.5444711538461539 0.3545673076923077 0.3894230769230769 0.5024038461538461