1 0.6045673076923077 0.15985576923076922 0.21394230769230768 0.16346153846153846
1 0.6009615384615384 0.038461538461538464 0.25961538461538464 0.07692307692307693
1 0.5745192307692307 0.41947115384615385 0.24759615384615385 0.21394230769230768
1 0.17548076923076922 0.7860576923076923 0.20192307692307693 0.1778846153846154
1 0.13341346153846154 0.9326923076923077 0.24519230769230768 0.13221153846153846
1 0.4387019230769231 0.8040865384615384 0.24278846153846154 0.17548076923076922
1 0.71875 0.9110576923076923 0.25721153846153844 0.17548076923076922
1 0.9026442307692307 0.8221153846153846 0.19230769230769232 0.1778846153846154
1 0.6129807692307693 0.6490384615384616 0.24278846153846154 0.17548076923076922
1 0.18870192307692307 0.3389423076923077 0.3125 0.18269230769230768
1 0.2608173076923077 0.15745192307692307 0.23557692307692307 0.17307692307692307
1 0.49158653846153844 0.17427884615384615 0.23557692307692307 0.17307692307692307
1 0.9050480769230769 0.265625 0.1875 0.12980769230769232
1 0.8473557692307693 0.5757211538461539 0.21153846153846154 0.15865384615384615
1 0.9639423076923077 0.6574519230769231 0.0673076923076923 0.18990384615384615
1 0.8064903846153846 0.10096153846153846 0.21153846153846154 0.15865384615384615
1 0.11899038461538461 0.171875 0.20673076923076922 0.19471153846153846
2 0.13341346153846154 0.5625 0.2644230769230769 0.36538461538461536