1 0.140625 0.45913461538461536 0.1778846153846154 0.2620192307692308
1 0.12980769230769232 0.7451923076923077 0.1778846153846154 0.21394230769230768
1 0.23798076923076922 0.8088942307692307 0.14903846153846154 0.20192307692307693
1 0.6670673076923077 0.6165865384615384 0.14903846153846154 0.20192307692307693
1 0.3473557692307692 0.2980769230769231 0.18509615384615385 0.1875
1 0.15144230769230768 0.09014423076923077 0.1875 0.17548076923076922
1 0.9110576923076923 0.7728365384615384 0.17307692307692307 0.20673076923076922
1 0.4807692307692308 0.453125 0.20673076923076922 0.24519230769230768
1 0.5612980769230769 0.171875 0.16826923076923078 0.22596153846153846
1 0.9038461538461539 0.5600961538461539 0.1875 0.22355769230769232
2 0.4387019230769231 0.8617788461538461 0.34375 0.27163461538461536