2 0.5372596153846154 0.31850961538461536 0.4519230769230769 0.31009615384615385
1 0.5060096153846154 0.6394230769230769 0.16346153846153846 0.14182692307692307
1 0.578125 0.7211538461538461 0.16346153846153846 0.14182692307692307
1 0.6971153846153846 0.7896634615384616 0.16346153846153846 0.14182692307692307
1 0.6105769230769231 0.7944711538461539 0.20673076923076922 0.14182692307692307
1 0.5877403846153846 0.8485576923076923 0.16346153846153846 0.11298076923076923
1 0.41466346153846156 0.8305288461538461 0.20673076923076922 0.16826923076923078
1 0.26802884615384615 0.09495192307692307 0.2403846153846154 0.16346153846153846
1 0.8882211538461539 0.41346153846153844 0.22115384615384615 0.14903846153846154
1 0.8028846153846154 0.6069711538461539 0.22115384615384615 0.14903846153846154
1 0.7451923076923077 0.5865384615384616 0.22596153846153846 0.1875
1 0.75 0.47475961538461536 0.19471153846153846 0.14903846153846154
1 0.28966346153846156 0.7067307692307693 0.21875 0.14903846153846154
1 0.19230769230769232 0.38100961538461536 0.21875 0.14903846153846154
1 0.11538461538461539 0.22596153846153846 0.22115384615384615 0.19951923076923078
1 0.8810096153846154 0.24158653846153846 0.23317307692307693 0.17548076923076922
0 0.6454326923076923 0.15504807692307693 0.09134615384615384 0.057692307692307696
1 0.06490384615384616 0.4795673076923077 0.125 0.14903846153846154
1 0.7415865384615384 0.07211538461538461 0.22355769230769232 0.13942307692307693