1 0.7043269230769231 0.5649038461538461 0.16826923076923078 0.23076923076923078
1 0.46274038461538464 0.5949519230769231 0.16826923076923078 0.23076923076923078
1 0.41947115384615385 0.8257211538461539 0.16826923076923078 0.23076923076923078
1 0.6021634615384616 0.7439903846153846 0.15625 0.21153846153846154
1 0.7415865384615384 0.8629807692307693 0.15625 0.21153846153846154
1 0.6862980769230769 0.3473557692307692 0.15625 0.21153846153846154
1 0.5745192307692307 0.15985576923076922 0.18028846153846154 0.21153846153846154
1 0.5168269230769231 0.3798076923076923 0.1778846153846154 0.21153846153846154
1 0.0889423076923077 0.3137019230769231 0.17548076923076922 0.2548076923076923
1 0.08774038461538461 0.8569711538461539 0.17307692307692307 0.2548076923076923
1 0.2247596153846154 0.6959134615384616 0.22355769230769232 0.2403846153846154
1 0.8449519230769231 0.2512019230769231 0.1778846153846154 0.25240384615384615
1 0.8798076923076923 0.47716346153846156 0.1778846153846154 0.25240384615384615
2 0.30649038461538464 0.12259615384615384 0.37259615384615385 0.2403846153846154