1 0.8317307692307693 0.9495192307692307 0.21634615384615385 0.09615384615384616
1 0.6778846153846154 0.8713942307692307 0.23076923076923078 0.17548076923076922
1 0.5588942307692307 0.7259615384615384 0.23076923076923078 0.17548076923076922
1 0.8858173076923077 0.6971153846153846 0.22596153846153846 0.1778846153846154
1 0.7211538461538461 0.5805288461538461 0.2091346153846154 0.15865384615384615
1 0.8870192307692307 0.47475961538461536 0.22115384615384615 0.15625
1 0.6346153846153846 0.203125 0.23798076923076922 0.1875
1 0.3786057692307692 0.24879807692307693 0.24278846153846154 0.18509615384615385
1 0.1935096153846154 0.8173076923076923 0.24278846153846154 0.17307692307692307
1 0.11899038461538461 0.22235576923076922 0.23798076923076922 0.17548076923076922
1 0.6514423076923077 0.39903846153846156 0.23798076923076922 0.1875
1 0.90625 0.24158653846153846 0.18269230769230768 0.16826923076923078
1 0.8125 0.04927884615384615 0.24278846153846154 0.09615384615384616
2 0.28846153846153844 0.5685096153846154 0.4951923076923077 0.3798076923076923
0 0.38100961538461536 0.0985576923076923 0.15384615384615385 0.12980769230769232
0 0.02403846153846154 0.12740384615384615 0.04807692307692308 0.07692307692307693