1 0.6766826923076923 0.7163461538461539 0.18269230769230768 0.21153846153846154
1 0.8100961538461539 0.265625 0.21875 0.24278846153846154
1 0.5528846153846154 0.1814903846153846 0.16826923076923078 0.2692307692307692
1 0.07692307692307693 0.6129807692307693 0.15384615384615385 0.25961538461538464
1 0.16105769230769232 0.5588942307692307 0.19230769230769232 0.28365384615384615
1 0.33052884615384615 0.27283653846153844 0.18028846153846154 0.2644230769230769
1 0.2848557692307692 0.8485576923076923 0.20432692307692307 0.25
1 0.4375 0.8100961538461539 0.20192307692307693 0.20192307692307693
1 0.11538461538461539 0.9026442307692307 0.22596153846153846 0.18990384615384615
1 0.6706730769230769 0.9194711538461539 0.19951923076923078 0.15865384615384615
1 0.9134615384615384 0.10817307692307693 0.16826923076923078 0.18990384615384615
1 0.09735576923076923 0.18990384615384615 0.18990384615384615 0.2692307692307692
1 0.8858173076923077 0.6790865384615384 0.16346153846153846 0.22115384615384615
1 0.9471153846153846 0.4579326923076923 0.10096153846153846 0.25240384615384615
1 0.7920673076923077 0.4831730769230769 0.25961538461538464 0.2548076923076923
2 0.48197115384615385 0.5096153846153846 0.43509615384615385 0.46634615384615385
0 0.5216346153846154 0.9254807692307693 0.0673076923076923 0.10096153846153846
0 0.21394230769230768 0.2247596153846154 0.09134615384615384 0.10817307692307693