1 0.7151442307692307 0.7992788461538461 0.2091346153846154 0.1875
1 0.36899038461538464 0.84375 0.24759615384615385 0.19230769230769232
1 0.19831730769230768 0.7427884615384616 0.23557692307692307 0.15865384615384615
1 0.6009615384615384 0.5985576923076923 0.27884615384615385 0.18269230769230768
1 0.8353365384615384 0.4675480769230769 0.22596153846153846 0.17548076923076922
1 0.8918269230769231 0.65625 0.21153846153846154 0.21634615384615385
1 0.9350961538461539 0.4014423076923077 0.125 0.1971153846153846
1 0.171875 0.5961538461538461 0.1971153846153846 0.17307692307692307
1 0.328125 0.6574519230769231 0.1971153846153846 0.17307692307692307
2 0.41947115384615385 0.28966346153846156 0.3557692307692308 0.2932692307692308
0 0.9867788461538461 0.9302884615384616 0.02403846153846154 0.07211538461538461
0 0.5745192307692307 0.17067307692307693 0.10336538461538461 0.07211538461538461