1 0.17427884615384615 0.17548076923076922 0.1875 0.17307692307692307
1 0.21514423076923078 0.32211538461538464 0.20673076923076922 0.1778846153846154
1 0.5685096153846154 0.4411057692307692 0.20673076923076922 0.1778846153846154
1 0.5913461538461539 0.17067307692307693 0.1875 0.15865384615384615
1 0.4362980769230769 0.06971153846153846 0.25 0.1346153846153846
1 0.4639423076923077 0.27403846153846156 0.24519230769230768 0.1778846153846154
1 0.8353365384615384 0.84375 0.20673076923076922 0.1778846153846154
1 0.10096153846153846 0.78125 0.1971153846153846 0.17307692307692307
1 0.8473557692307693 0.5120192307692307 0.22596153846153846 0.19230769230769232
1 0.8449519230769231 0.24158653846153846 0.2692307692307692 0.19471153846153846
2 0.359375 0.703125 0.46153846153846156 0.3629807692307692
0 0.3137019230769231 0.44471153846153844 0.06490384615384616 0.055288461538461536