1 0.10817307692307693 0.4963942307692308 0.21153846153846154 0.18269230769230768
1 0.3161057692307692 0.14543269230769232 0.21153846153846154 0.18269230769230768
1 0.921875 0.7487980769230769 0.15144230769230768 0.18269230769230768
1 0.3713942307692308 0.4098557692307692 0.24519230769230768 0.21634615384615385
1 0.2247596153846154 0.3076923076923077 0.1971153846153846 0.1778846153846154
1 0.09495192307692307 0.3485576923076923 0.1875 0.18990384615384615
1 0.265625 0.6490384615384616 0.21153846153846154 0.18269230769230768
1 0.39783653846153844 0.6742788461538461 0.25 0.17307692307692307
1 0.7740384615384616 0.21634615384615385 0.2548076923076923 0.1971153846153846
1 0.9495192307692307 0.25 0.09615384615384616 0.18269230769230768
1 0.9423076923076923 0.4266826923076923 0.11057692307692307 0.21153846153846154
1 0.47836538461538464 0.04447115384615385 0.22596153846153846 0.08653846153846154
1 0.8509615384615384 0.890625 0.2091346153846154 0.15144230769230768
1 0.47596153846153844 0.84375 0.2980769230769231 0.17307692307692307
0 0.9110576923076923 0.5697115384615384 0.0889423076923077 0.057692307692307696
2 0.6670673076923077 0.4543269230769231 0.42788461538461536 0.3485576923076923