2 0.59375 0.9230769230769231 0.23557692307692307 0.14903846153846154
0 0.08052884615384616 0.48197115384615385 0.08653846153846154 0.09615384615384616
1 0.6310096153846154 0.6105769230769231 0.22115384615384615 0.2548076923076923
1 0.4579326923076923 0.6538461538461539 0.1875 0.23076923076923078
1 0.45072115384615385 0.875 0.1875 0.23076923076923078
1 0.28125 0.29086538461538464 0.1875 0.23076923076923078
1 0.15384615384615385 0.24879807692307693 0.1875 0.23076923076923078
1 0.30649038461538464 0.09735576923076923 0.17548076923076922 0.18990384615384615
1 0.4014423076923077 0.06850961538461539 0.16346153846153846 0.13221153846153846
1 0.07211538461538461 0.0673076923076923 0.13942307692307693 0.1346153846153846
1 0.8930288461538461 0.7548076923076923 0.14423076923076922 0.20192307692307693
1 0.8233173076923077 0.7127403846153846 0.14423076923076922 0.20192307692307693
1 0.796875 0.5733173076923077 0.14423076923076922 0.20192307692307693
1 0.8569711538461539 0.5360576923076923 0.14423076923076922 0.20192307692307693
1 0.8894230769230769 0.49278846153846156 0.14423076923076922 0.20192307692307693
1 0.9182692307692307 0.4170673076923077 0.15865384615384615 0.21634615384615385
1 0.875 0.0889423076923077 0.23076923076923078 0.17548076923076922
1 0.2247596153846154 0.8918269230769231 0.18028846153846154 0.21153846153846154
1 0.051682692307692304 0.7524038461538461 0.10336538461538461 0.23557692307692307
1 0.07692307692307693 0.921875 0.14903846153846154 0.15144230769230768
1 0.4074519230769231 0.31850961538461536 0.18990384615384615 0.21634615384615385
1 0.5817307692307693 0.30528846153846156 0.12740384615384615 0.19230769230769232
1 0.5745192307692307 0.18870192307692307 0.12740384615384615 0.19230769230769232
1 0.49399038461538464 0.10096153846153846 0.18028846153846154 0.1971153846153846