2 0.8076923076923077 0.27524038461538464 0.30528846153846156 0.4326923076923077
2 0.36658653846153844 0.21995192307692307 0.45913461538461536 0.43509615384615385
1 0.6322115384615384 0.3954326923076923 0.17307692307692307 0.2692307692307692
1 0.7980769230769231 0.578125 0.17067307692307693 0.23798076923076922
1 0.8569711538461539 0.7199519230769231 0.13942307692307693 0.1971153846153846
1 0.4651442307692308 0.5348557692307693 0.13942307692307693 0.1971153846153846
1 0.4050480769230769 0.5060096153846154 0.13942307692307693 0.1971153846153846
1 0.47836538461538464 0.7536057692307693 0.14182692307692307 0.1971153846153846
1 0.4110576923076923 0.7403846153846154 0.14182692307692307 0.1971153846153846
1 0.35697115384615385 0.7283653846153846 0.14182692307692307 0.1971153846153846
1 0.14903846153846154 0.9242788461538461 0.16346153846153846 0.1466346153846154
1 0.3713942307692308 0.9230769230769231 0.19951923076923078 0.14903846153846154
1 0.5697115384615384 0.9519230769230769 0.19230769230769232 0.09134615384615384
1 0.9026442307692307 0.9122596153846154 0.1466346153846154 0.17067307692307693
1 0.203125 0.7079326923076923 0.22355769230769232 0.23557692307692307
1 0.027644230769230768 0.35096153846153844 0.052884615384615384 0.24759615384615385
1 0.018028846153846152 0.5168269230769231 0.03365384615384615 0.1971153846153846
1 0.02283653846153846 0.7403846153846154 0.04326923076923077 0.19230769230769232