1 0.6995192307692307 0.4699519230769231 0.2548076923076923 0.18990384615384615
1 0.2644230769230769 0.7067307692307693 0.2548076923076923 0.18990384615384615
1 0.18629807692307693 0.8665865384615384 0.2548076923076923 0.18990384615384615
1 0.6490384615384616 0.9182692307692307 0.21634615384615385 0.16105769230769232
1 0.41586538461538464 0.9411057692307693 0.25961538461538464 0.11538461538461539
1 0.49038461538461536 0.78125 0.21153846153846154 0.17067307692307693
1 0.734375 0.7295673076923077 0.21153846153846154 0.17067307692307693
1 0.9074519230769231 0.7740384615384616 0.18269230769230768 0.17307692307692307
1 0.8665865384615384 0.24278846153846154 0.21153846153846154 0.17067307692307693
2 0.21153846153846154 0.46153846153846156 0.4182692307692308 0.3557692307692308
2 0.4891826923076923 0.16947115384615385 0.5504807692307693 0.33413461538461536