1 0.24639423076923078 0.7307692307692307 0.27403846153846156 0.1971153846153846
1 0.3545673076923077 0.3245192307692308 0.27403846153846156 0.21634615384615385
1 0.5048076923076923 0.09254807692307693 0.1971153846153846 0.18509615384615385
1 0.10336538461538461 0.06490384615384616 0.20192307692307693 0.12980769230769232
1 0.8605769230769231 0.28846153846153844 0.23557692307692307 0.1971153846153846
1 0.6286057692307693 0.25600961538461536 0.23557692307692307 0.1971153846153846
1 0.08052884615384616 0.5264423076923077 0.15625 0.18269230769230768
1 0.8942307692307693 0.9302884615384616 0.18269230769230768 0.13701923076923078
1 0.84375 0.6682692307692307 0.24519230769230768 0.21394230769230768
1 0.890625 0.4951923076923077 0.21394230769230768 0.1875
1 0.3088942307692308 0.5973557692307693 0.23076923076923078 0.1778846153846154
2 0.5901442307692307 0.5132211538461539 0.4423076923076923 0.3701923076923077