1 0.35336538461538464 0.5456730769230769 0.1778846153846154 0.25240384615384615
1 0.3329326923076923 0.8990384615384616 0.17548076923076922 0.1971153846153846
1 0.5396634615384616 0.5516826923076923 0.20192307692307693 0.3004807692307692
1 0.1658653846153846 0.5288461538461539 0.16826923076923078 0.2091346153846154
1 0.22235576923076922 0.7487980769230769 0.15144230769230768 0.21153846153846154
1 0.7103365384615384 0.8882211538461539 0.16346153846153846 0.20192307692307693
1 0.8533653846153846 0.36658653846153844 0.18990384615384615 0.18990384615384615
1 0.6826923076923077 0.4483173076923077 0.14423076923076922 0.16826923076923078
1 0.6730769230769231 0.30288461538461536 0.1466346153846154 0.24519230769230768
1 0.04807692307692308 0.46033653846153844 0.09375 0.30288461538461536
1 0.7848557692307693 0.6598557692307693 0.1875 0.27163461538461536
2 0.46033653846153844 0.2403846153846154 0.35096153846153844 0.44711538461538464