1 0.5516826923076923 0.8810096153846154 0.17307692307692307 0.23317307692307693
1 0.5048076923076923 0.421875 0.17307692307692307 0.2283653846153846
1 0.7920673076923077 0.41947115384615385 0.17307692307692307 0.2283653846153846
1 0.7475961538461539 0.7163461538461539 0.2283653846153846 0.34615384615384615
1 0.15504807692307693 0.24639423076923078 0.20432692307692307 0.24759615384615385
1 0.27403846153846156 0.32091346153846156 0.18269230769230768 0.22596153846153846
1 0.6622596153846154 0.23317307692307693 0.17307692307692307 0.2283653846153846
1 0.15264423076923078 0.41586538461538464 0.18269230769230768 0.22596153846153846
1 0.8966346153846154 0.23677884615384615 0.17307692307692307 0.2283653846153846
2 0.4375 0.13341346153846154 0.27403846153846156 0.2644230769230769
0 0.6826923076923077 0.5324519230769231 0.06971153846153846 0.07692307692307693
0 0.7848557692307693 0.9675480769230769 0.06971153846153846 0.06009615384615385