1 0.10336538461538461 0.37740384615384615 0.20192307692307693 0.20192307692307693
1 0.27403846153846156 0.8497596153846154 0.22596153846153846 0.20673076923076922
1 0.5120192307692307 0.8521634615384616 0.2091346153846154 0.18028846153846154
1 0.5120192307692307 0.7295673076923077 0.2860576923076923 0.1971153846153846
1 0.5564903846153846 0.5697115384615384 0.30288461538461536 0.0889423076923077
1 0.6754807692307693 0.5168269230769231 0.2403846153846154 0.16826923076923078
1 0.8581730769230769 0.8449519230769231 0.24278846153846154 0.1778846153846154
1 0.3293269230769231 0.3557692307692308 0.20673076923076922 0.25
1 0.3942307692307692 0.07692307692307693 0.27403846153846156 0.14903846153846154
1 0.9302884615384616 0.5757211538461539 0.1346153846153846 0.21634615384615385
1 0.7944711538461539 0.6887019230769231 0.25721153846153844 0.1466346153846154
1 0.11057692307692307 0.7103365384615384 0.21634615384615385 0.19951923076923078
2 0.6418269230769231 0.25721153846153844 0.5673076923076923 0.5120192307692307