1 0.5288461538461539 0.2824519230769231 0.17548076923076922 0.22355769230769232
1 0.39302884615384615 0.3293269230769231 0.14423076923076922 0.18269230769230768
1 0.1141826923076923 0.7932692307692307 0.14423076923076922 0.27163461538461536
1 0.9122596153846154 0.65625 0.17307692307692307 0.22596153846153846
1 0.3233173076923077 0.5661057692307693 0.1778846153846154 0.2283653846153846
1 0.453125 0.5564903846153846 0.15865384615384615 0.21153846153846154
1 0.5516826923076923 0.5456730769230769 0.16346153846153846 0.20192307692307693
1 0.31009615384615385 0.125 0.16346153846153846 0.20192307692307693
1 0.04447115384615385 0.49759615384615385 0.08413461538461539 0.22596153846153846
1 0.27163461538461536 0.3245192307692308 0.16346153846153846 0.20192307692307693
1 0.7644230769230769 0.6622596153846154 0.15384615384615385 0.2283653846153846
1 0.8185096153846154 0.39783653846153844 0.19230769230769232 0.2403846153846154
1 0.7536057692307693 0.19230769230769232 0.19230769230769232 0.2403846153846154
2 0.5685096153846154 0.8209134615384616 0.39663461538461536 0.35336538461538464