1 0.1778846153846154 0.8305288461538461 0.16826923076923078 0.21634615384615385
1 0.1346153846153846 0.4543269230769231 0.16826923076923078 0.21634615384615385
1 0.9170673076923077 0.9050480769230769 0.16346153846153846 0.1875
1 0.9146634615384616 0.6322115384615384 0.16826923076923078 0.21634615384615385
1 0.8149038461538461 0.328125 0.16826923076923078 0.21634615384615385
1 0.34134615384615385 0.19831730769230768 0.18990384615384615 0.22115384615384615
1 0.06370192307692307 0.41466346153846156 0.125 0.28846153846153844
1 0.49038461538461536 0.3641826923076923 0.17307692307692307 0.1875
1 0.359375 0.6466346153846154 0.16826923076923078 0.19951923076923078
1 0.33052884615384615 0.0829326923076923 0.16826923076923078 0.16346153846153846
0 0.6538461538461539 0.040865384615384616 0.07451923076923077 0.07692307692307693
0 0.0625 0.13701923076923078 0.057692307692307696 0.0673076923076923
0 0.8425480769230769 0.47596153846153844 0.06490384615384616 0.08413461538461539
0 0.8028846153846154 0.8798076923076923 0.07451923076923077 0.08173076923076923
0 0.5408653846153846 0.9831730769230769 0.0673076923076923 0.028846153846153848
2 0.6526442307692307 0.6838942307692307 0.3942307692307692 0.49038461538461536