1 0.8762019230769231 0.4495192307692308 0.24278846153846154 0.17307692307692307
1 0.84375 0.27524038461538464 0.2091346153846154 0.1778846153846154
1 0.19110576923076922 0.43028846153846156 0.22596153846153846 0.18269230769230768
1 0.1201923076923077 0.25721153846153844 0.2403846153846154 0.1971153846153846
1 0.6370192307692307 0.4206730769230769 0.21153846153846154 0.19230769230769232
1 0.06610576923076923 0.5733173076923077 0.13221153846153846 0.20432692307692307
1 0.44711538461538464 0.3629807692307692 0.23557692307692307 0.14182692307692307
1 0.08533653846153846 0.05889423076923077 0.17067307692307693 0.11298076923076923
1 0.37740384615384615 0.2283653846153846 0.2403846153846154 0.17548076923076922
1 0.6177884615384616 0.1935096153846154 0.21875 0.17307692307692307
1 0.1658653846153846 0.7283653846153846 0.2403846153846154 0.17307692307692307
1 0.3449519230769231 0.07211538461538461 0.23076923076923078 0.13942307692307693
1 0.8245192307692307 0.08052884615384616 0.19230769230769232 0.15865384615384615
1 0.2704326923076923 0.9338942307692307 0.25240384615384615 0.12740384615384615
2 0.6790865384615384 0.8088942307692307 0.4807692307692308 0.33653846153846156
0 0.44591346153846156 0.44350961538461536 0.09615384615384616 0.057692307692307696