1 0.3918269230769231 0.35336538461538464 0.22115384615384615 0.18269230769230768
1 0.6814903846153846 0.3762019230769231 0.22115384615384615 0.18269230769230768
1 0.8822115384615384 0.3173076923076923 0.22115384615384615 0.18269230769230768
1 0.2704326923076923 0.6814903846153846 0.22115384615384615 0.18269230769230768
1 0.12379807692307693 0.8221153846153846 0.1778846153846154 0.13221153846153846
1 0.6526442307692307 0.6911057692307693 0.21634615384615385 0.1658653846153846
1 0.6983173076923077 0.8137019230769231 0.21634615384615385 0.1658653846153846
1 0.859375 0.7079326923076923 0.20192307692307693 0.17307692307692307
1 0.27403846153846156 0.15144230769230768 0.20192307692307693 0.17307692307692307
1 0.6634615384615384 0.17908653846153846 0.22115384615384615 0.19951923076923078
1 0.4855769230769231 0.06610576923076923 0.2692307692307692 0.12740384615384615
1 0.11177884615384616 0.34975961538461536 0.20192307692307693 0.17307692307692307
1 0.13581730769230768 0.2848557692307692 0.20192307692307693 0.17307692307692307
1 0.8149038461538461 0.07091346153846154 0.20432692307692307 0.13942307692307693
2 0.40625 0.8810096153846154 0.47115384615384615 0.23317307692307693
0 0.49278846153846156 0.6899038461538461 0.10336538461538461 0.0625