2 0.6730769230769231 0.23798076923076922 0.2692307692307692 0.23076923076923078
2 0.1875 0.90625 0.3701923076923077 0.18509615384615385
0 0.8305288461538461 0.3161057692307692 0.08653846153846154 0.055288461538461536
0 0.037259615384615384 0.12740384615384615 0.06971153846153846 0.057692307692307696
1 0.20793269230769232 0.12980769230769232 0.21634615384615385 0.20673076923076922
1 0.17548076923076922 0.2776442307692308 0.21634615384615385 0.20673076923076922
1 0.44350961538461536 0.2439903846153846 0.21634615384615385 0.20673076923076922
1 0.47596153846153844 0.15384615384615385 0.21634615384615385 0.20673076923076922
1 0.30528846153846156 0.7043269230769231 0.21634615384615385 0.20673076923076922
1 0.5480769230769231 0.6694711538461539 0.21634615384615385 0.20673076923076922
1 0.8317307692307693 0.5877403846153846 0.21634615384615385 0.20673076923076922
1 0.7415865384615384 0.7596153846153846 0.2283653846153846 0.15384615384615385
1 0.9026442307692307 0.08533653846153846 0.18990384615384615 0.16105769230769232
1 0.7139423076923077 0.0625 0.22596153846153846 0.125
1 0.8016826923076923 0.9603365384615384 0.25961538461538464 0.07692307692307693
1 0.6310096153846154 0.9134615384615384 0.2644230769230769 0.16826923076923078