1 0.33774038461538464 0.38100961538461536 0.18990384615384615 0.2403846153846154
1 0.2800480769230769 0.6129807692307693 0.16105769230769232 0.19951923076923078
1 0.11057692307692307 0.9194711538461539 0.20432692307692307 0.15865384615384615
1 0.8269230769230769 0.8689903846153846 0.16346153846153846 0.20432692307692307
1 0.8305288461538461 0.2548076923076923 0.1658653846153846 0.21153846153846154
1 0.5504807692307693 0.18870192307692307 0.18028846153846154 0.21875
1 0.11538461538461539 0.4831730769230769 0.22596153846153846 0.23557692307692307
1 0.07091346153846154 0.7067307692307693 0.14182692307692307 0.20192307692307693
1 0.7872596153846154 0.46274038461538464 0.1658653846153846 0.21153846153846154
1 0.6790865384615384 0.8762019230769231 0.18269230769230768 0.21153846153846154
2 0.4891826923076923 0.6814903846153846 0.3557692307692308 0.47115384615384615