2 0.6334134615384616 0.21394230769230768 0.42788461538461536 0.33413461538461536
1 0.6995192307692307 0.5012019230769231 0.23557692307692307 0.1875
1 0.734375 0.7403846153846154 0.28365384615384615 0.18028846153846154
1 0.2956730769230769 0.6862980769230769 0.31490384615384615 0.18990384615384615
1 0.28125 0.23076923076923078 0.1971153846153846 0.1778846153846154
1 0.8569711538461539 0.41346153846153844 0.1971153846153846 0.1778846153846154
1 0.9110576923076923 0.5985576923076923 0.17307692307692307 0.1778846153846154
1 0.4483173076923077 0.9603365384615384 0.2644230769230769 0.07692307692307693
1 0.22115384615384615 0.8269230769230769 0.25240384615384615 0.15865384615384615
1 0.18028846153846154 0.9387019230769231 0.2091346153846154 0.1201923076923077
1 0.5528846153846154 0.8834134615384616 0.2403846153846154 0.15865384615384615
1 0.1141826923076923 0.3870192307692308 0.2283653846153846 0.1875
1 0.15985576923076922 0.25841346153846156 0.2283653846153846 0.18509615384615385
1 0.9206730769230769 0.8125 0.15384615384615385 0.16346153846153846
1 0.9182692307692307 0.6009615384615384 0.15865384615384615 0.16346153846153846