1 0.14783653846153846 0.4567307692307692 0.20432692307692307 0.1971153846153846
1 0.0673076923076923 0.09615384615384616 0.1346153846153846 0.1875
1 0.19471153846153846 0.22115384615384615 0.16346153846153846 0.21875
1 0.8677884615384616 0.7764423076923077 0.1778846153846154 0.25961538461538464
1 0.6346153846153846 0.7463942307692307 0.18990384615384615 0.3125
1 0.9350961538461539 0.5997596153846154 0.12740384615384615 0.23798076923076922
1 0.9182692307692307 0.12740384615384615 0.15865384615384615 0.25
1 0.6189903846153846 0.3942307692307692 0.1778846153846154 0.25961538461538464
1 0.6298076923076923 0.12740384615384615 0.18028846153846154 0.25
1 0.4254807692307692 0.6129807692307693 0.21875 0.3076923076923077
2 0.40384615384615385 0.18269230769230768 0.3485576923076923 0.3605769230769231