1 0.7463942307692307 0.43990384615384615 0.19230769230769232 0.2548076923076923
1 0.5588942307692307 0.421875 0.18269230769230768 0.23076923076923078
1 0.6454326923076923 0.8990384615384616 0.16105769230769232 0.1971153846153846
1 0.8293269230769231 0.6923076923076923 0.19951923076923078 0.25
1 0.8822115384615384 0.5877403846153846 0.15384615384615385 0.22596153846153846
1 0.9038461538461539 0.18028846153846154 0.16346153846153846 0.2548076923076923
1 0.37259615384615385 0.43149038461538464 0.1658653846153846 0.20432692307692307
1 0.1935096153846154 0.5012019230769231 0.1875 0.2403846153846154
1 0.3473557692307692 0.1971153846153846 0.1875 0.2403846153846154
1 0.7199519230769231 0.14302884615384615 0.1875 0.2403846153846154
1 0.057692307692307696 0.3161057692307692 0.11298076923076923 0.2403846153846154
1 0.21033653846153846 0.375 0.19230769230769232 0.21153846153846154
1 0.42908653846153844 0.22716346153846154 0.18990384615384615 0.19230769230769232
1 0.25841346153846156 0.9122596153846154 0.19230769230769232 0.17307692307692307
2 0.4387019230769231 0.7223557692307693 0.33413461538461536 0.4495192307692308