1 0.49278846153846156 0.2704326923076923 0.19230769230769232 0.1875
1 0.65625 0.4639423076923077 0.19230769230769232 0.1875
1 0.8605769230769231 0.7247596153846154 0.19230769230769232 0.1875
1 0.6814903846153846 0.8641826923076923 0.19230769230769232 0.1875
1 0.29086538461538464 0.8329326923076923 0.19230769230769232 0.1875
1 0.1622596153846154 0.6742788461538461 0.18028846153846154 0.15144230769230768
1 0.19591346153846154 0.2704326923076923 0.19230769230769232 0.1778846153846154
1 0.7644230769230769 0.5552884615384616 0.22596153846153846 0.1778846153846154
1 0.4831730769230769 0.7415865384615384 0.22596153846153846 0.1778846153846154
1 0.22115384615384615 0.46274038461538464 0.22115384615384615 0.15625
1 0.08533653846153846 0.8485576923076923 0.17067307692307693 0.15384615384615385
1 0.9338942307692307 0.11177884615384616 0.12980769230769232 0.16826923076923078
2 0.49038461538461536 0.5793269230769231 0.2620192307692308 0.1875