1 0.5168269230769231 0.14903846153846154 0.21634615384615385 0.20192307692307693
1 0.5492788461538461 0.30288461538461536 0.1466346153846154 0.19230769230769232
1 0.7860576923076923 0.17668269230769232 0.1875 0.20673076923076922
1 0.6538461538461539 0.7884615384615384 0.16346153846153846 0.20673076923076922
1 0.44591346153846156 0.7283653846153846 0.16826923076923078 0.18990384615384615
1 0.48677884615384615 0.5697115384615384 0.14903846153846154 0.18269230769230768
1 0.3004807692307692 0.8305288461538461 0.20432692307692307 0.23798076923076922
1 0.765625 0.9002403846153846 0.15144230769230768 0.19471153846153846
1 0.8545673076923077 0.8954326923076923 0.18509615384615385 0.20432692307692307
1 0.6911057692307693 0.4254807692307692 0.23076923076923078 0.24759615384615385
1 0.6706730769230769 0.6045673076923077 0.1778846153846154 0.1971153846153846
1 0.28125 0.1875 0.18269230769230768 0.2668269230769231
1 0.8810096153846154 0.5228365384615384 0.16346153846153846 0.22355769230769232
2 0.1045673076923077 0.3112980769230769 0.20432692307692307 0.4495192307692308