1 0.7367788461538461 0.13942307692307693 0.1875 0.27884615384615385
1 0.25240384615384615 0.38461538461538464 0.15384615384615385 0.22115384615384615
1 0.4326923076923077 0.05889423076923077 0.1778846153846154 0.11778846153846154
1 0.46274038461538464 0.3557692307692308 0.18028846153846154 0.23557692307692307
1 0.875 0.4579326923076923 0.18028846153846154 0.20432692307692307
1 0.6923076923076923 0.5661057692307693 0.18509615384615385 0.17067307692307693
1 0.6838942307692307 0.3473557692307692 0.16826923076923078 0.20192307692307693
1 0.11177884615384616 0.5745192307692307 0.16346153846153846 0.25
1 0.9290865384615384 0.22235576923076922 0.13701923076923078 0.25721153846153844
1 0.36899038461538464 0.1310096153846154 0.20673076923076922 0.2548076923076923
1 0.4050480769230769 0.9206730769230769 0.22115384615384615 0.15384615384615385
2 0.38341346153846156 0.6466346153846154 0.33653846153846156 0.44711538461538464