2 0.3137019230769231 0.5685096153846154 0.2283653846153846 0.2764423076923077
2 0.5757211538461539 0.11899038461538461 0.2403846153846154 0.23557692307692307
1 0.3245192307692308 0.0985576923076923 0.16826923076923078 0.19230769230769232
1 0.15504807692307693 0.14543269230769232 0.1658653846153846 0.20673076923076922
1 0.2127403846153846 0.2247596153846154 0.1658653846153846 0.20673076923076922
1 0.6105769230769231 0.5817307692307693 0.1658653846153846 0.20673076923076922
1 0.7223557692307693 0.4182692307692308 0.18990384615384615 0.21634615384615385
1 0.9134615384615384 0.08533653846153846 0.17067307692307693 0.1658653846153846
1 0.9411057692307693 0.2403846153846154 0.11298076923076923 0.18269230769230768
1 0.9146634615384616 0.375 0.16826923076923078 0.18990384615384615
1 0.9014423076923077 0.5132211538461539 0.17307692307692307 0.1875
1 0.9242788461538461 0.7548076923076923 0.14903846153846154 0.2644230769230769
1 0.8341346153846154 0.9266826923076923 0.23076923076923078 0.14182692307692307
0 0.42788461538461536 0.15264423076923078 0.09134615384615384 0.09615384615384616
0 0.203125 0.43990384615384615 0.0625 0.0889423076923077
0 0.5745192307692307 0.7355769230769231 0.0625 0.0889423076923077
0 0.6802884615384616 0.7788461538461539 0.0625 0.0889423076923077
1 0.5612980769230769 0.4579326923076923 0.1658653846153846 0.20673076923076922
1 0.4807692307692308 0.34615384615384615 0.1658653846153846 0.20673076923076922
1 0.13221153846153846 0.8990384615384616 0.1875 0.1971153846153846
1 0.07211538461538461 0.7704326923076923 0.14423076923076922 0.20432692307692307
1 0.16105769230769232 0.7776442307692307 0.14423076923076922 0.20192307692307693
1 0.07451923076923077 0.3545673076923077 0.14903846153846154 0.2644230769230769
1 0.7151442307692307 0.5192307692307693 0.13701923076923078 0.16346153846153846