1 0.08173076923076923 0.5600961538461539 0.13221153846153846 0.19951923076923078
1 0.46274038461538464 0.4483173076923077 0.16346153846153846 0.2668269230769231
1 0.8305288461538461 0.6105769230769231 0.16346153846153846 0.2668269230769231
1 0.7415865384615384 0.20673076923076922 0.17307692307692307 0.2620192307692308
1 0.6802884615384616 0.5709134615384616 0.14903846153846154 0.21153846153846154
1 0.6899038461538461 0.8413461538461539 0.14903846153846154 0.21153846153846154
1 0.06971153846153846 0.24158653846153846 0.1346153846153846 0.21153846153846154
1 0.9447115384615384 0.7463942307692307 0.10817307692307693 0.21153846153846154
2 0.34375 0.6862980769230769 0.2668269230769231 0.24519230769230768
0 0.43990384615384615 0.19951923076923078 0.0625 0.07692307692307693
0 0.7728365384615384 0.42908653846153844 0.0625 0.07692307692307693