1 0.9026442307692307 0.5925480769230769 0.15384615384615385 0.22596153846153846
1 0.890625 0.34375 0.17067307692307693 0.23076923076923078
1 0.8557692307692307 0.10817307692307693 0.1658653846153846 0.21394230769230768
1 0.5600961538461539 0.7776442307692307 0.20673076923076922 0.2283653846153846
1 0.7572115384615384 0.6802884615384616 0.20673076923076922 0.2283653846153846
1 0.7139423076923077 0.9074519230769231 0.21153846153846154 0.18028846153846154
1 0.328125 0.8221153846153846 0.20673076923076922 0.2283653846153846
1 0.18028846153846154 0.45072115384615385 0.20673076923076922 0.23076923076923078
1 0.18509615384615385 0.22355769230769232 0.20673076923076922 0.23076923076923078
1 0.055288461538461536 0.09495192307692307 0.10817307692307693 0.18509615384615385
1 0.12740384615384615 0.6814903846153846 0.21875 0.27884615384615385
0 0.7788461538461539 0.4567307692307692 0.0673076923076923 0.07692307692307693
2 0.5132211538461539 0.23918269230769232 0.37259615384615385 0.47115384615384615