2 0.6514423076923077 0.6177884615384616 0.2980769230769231 0.3605769230769231
1 0.7487980769230769 0.20793269230769232 0.20192307692307693 0.2620192307692308
1 0.43149038461538464 0.6694711538461539 0.15865384615384615 0.27163461538461536
1 0.22115384615384615 0.19831730769230768 0.15384615384615385 0.2548076923076923
1 0.25961538461538464 0.125 0.15625 0.24519230769230768
1 0.5709134615384616 0.18629807692307693 0.19471153846153846 0.25961538461538464
1 0.21754807692307693 0.7728365384615384 0.16826923076923078 0.17307692307692307
1 0.04927884615384615 0.2848557692307692 0.09615384615384616 0.2548076923076923
1 0.0889423076923077 0.7896634615384616 0.17307692307692307 0.23798076923076922
1 0.3954326923076923 0.43990384615384615 0.1971153846153846 0.2644230769230769
1 0.20192307692307693 0.421875 0.1971153846153846 0.2644230769230769
1 0.8641826923076923 0.5793269230769231 0.15865384615384615 0.27163461538461536
0 0.8641826923076923 0.28725961538461536 0.052884615384615384 0.08653846153846154