0 0.14543269230769232 0.5625 0.07211538461538461 0.08653846153846154
2 0.5528846153846154 0.5300480769230769 0.25 0.3293269230769231
1 0.6430288461538461 0.29927884615384615 0.23557692307692307 0.23076923076923078
1 0.7740384615384616 0.5961538461538461 0.16826923076923078 0.22596153846153846
1 0.9170673076923077 0.7788461538461539 0.16105769230769232 0.23076923076923078
1 0.9170673076923077 0.8810096153846154 0.16105769230769232 0.23317307692307693
1 0.8197115384615384 0.9435096153846154 0.16346153846153846 0.10817307692307693
1 0.5757211538461539 0.7932692307692307 0.17548076923076922 0.14423076923076922
1 0.2668269230769231 0.34134615384615385 0.16105769230769232 0.2403846153846154
1 0.6117788461538461 0.11298076923076923 0.16346153846153846 0.22115384615384615
1 0.8617788461538461 0.36899038461538464 0.16105769230769232 0.2403846153846154
1 0.2668269230769231 0.8762019230769231 0.1875 0.22115384615384615
1 0.04326923076923077 0.7007211538461539 0.08173076923076923 0.22596153846153846
1 0.07692307692307693 0.24759615384615385 0.15144230769230768 0.22115384615384615
1 0.057692307692307696 0.07932692307692307 0.11057692307692307 0.15384615384615385
1 0.30649038461538464 0.1466346153846154 0.16105769230769232 0.2403846153846154
1 0.17307692307692307 0.06370192307692307 0.14423076923076922 0.125