1 0.2848557692307692 0.6213942307692307 0.17307692307692307 0.22115384615384615
1 0.2848557692307692 0.7536057692307693 0.17307692307692307 0.22115384615384615
1 0.0733173076923077 0.49158653846153844 0.14423076923076922 0.22115384615384615
1 0.39783653846153844 0.078125 0.18028846153846154 0.15625
1 0.8485576923076923 0.1658653846153846 0.17307692307692307 0.25
1 0.1971153846153846 0.08653846153846154 0.1778846153846154 0.17307692307692307
1 0.21514423076923078 0.40384615384615385 0.17307692307692307 0.2403846153846154
1 0.5336538461538461 0.43990384615384615 0.17307692307692307 0.22115384615384615
1 0.953125 0.33052884615384615 0.0889423076923077 0.2283653846153846
1 0.453125 0.8882211538461539 0.17067307692307693 0.22115384615384615
1 0.40865384615384615 0.2764423076923077 0.16826923076923078 0.22596153846153846
2 0.7512019230769231 0.8088942307692307 0.2764423076923077 0.3076923076923077
0 0.7235576923076923 0.22596153846153846 0.06009615384615385 0.08173076923076923
0 0.020432692307692308 0.8990384615384616 0.038461538461538464 0.09375