1 0.32091346153846156 0.5817307692307693 0.1971153846153846 0.15625
1 0.8125 0.39903846153846156 0.2548076923076923 0.1875
1 0.234375 0.2848557692307692 0.27403846153846156 0.20673076923076922
1 0.09254807692307693 0.18629807692307693 0.15865384615384615 0.13221153846153846
1 0.12860576923076922 0.4987980769230769 0.2403846153846154 0.17307692307692307
1 0.29447115384615385 0.7668269230769231 0.20673076923076922 0.14903846153846154
1 0.7836538461538461 0.9170673076923077 0.23798076923076922 0.16346153846153846
1 0.5600961538461539 0.9411057692307693 0.22115384615384615 0.11538461538461539
1 0.5901442307692307 0.8004807692307693 0.21153846153846154 0.15384615384615385
1 0.32211538461538464 0.9242788461538461 0.21153846153846154 0.14903846153846154
1 0.9567307692307693 0.8112980769230769 0.08173076923076923 0.16826923076923078
1 0.7908653846153846 0.7788461538461539 0.21634615384615385 0.16826923076923078
1 0.4579326923076923 0.05889423076923077 0.25721153846153844 0.11778846153846154
1 0.43509615384615385 0.5204326923076923 0.23076923076923078 0.16826923076923078
2 0.625 0.17908653846153846 0.4807692307692308 0.3581730769230769
0 0.28725961538461536 0.3942307692307692 0.08173076923076923 0.0673076923076923