1 0.671875 0.7572115384615384 0.1971153846153846 0.17307692307692307
1 0.6538461538461539 0.5925480769230769 0.19230769230769232 0.15865384615384615
1 0.13942307692307693 0.6923076923076923 0.19230769230769232 0.15865384615384615
1 0.8473557692307693 0.14903846153846154 0.2620192307692308 0.18990384615384615
1 0.8834134615384616 0.5240384615384616 0.2283653846153846 0.23557692307692307
1 0.47836538461538464 0.35096153846153844 0.1971153846153846 0.17307692307692307
1 0.2620192307692308 0.4110576923076923 0.17307692307692307 0.125
1 0.18629807692307693 0.5721153846153846 0.1658653846153846 0.15625
1 0.20673076923076922 0.8858173076923077 0.23798076923076922 0.1875
1 0.6850961538461539 0.453125 0.22115384615384615 0.17307692307692307
1 0.8497596153846154 0.7355769230769231 0.23317307692307693 0.15865384615384615
2 0.38341346153846156 0.5324519230769231 0.25 0.21394230769230768