2 0.10096153846153846 0.5372596153846154 0.20192307692307693 0.32211538461538464
1 0.25600961538461536 0.6418269230769231 0.1778846153846154 0.27163461538461536
1 0.2764423076923077 0.32091346153846156 0.1346153846153846 0.23798076923076922
1 0.359375 0.3293269230769231 0.1346153846153846 0.23798076923076922
1 0.3449519230769231 0.17548076923076922 0.11538461538461539 0.19230769230769232
1 0.5252403846153846 0.6742788461538461 0.15384615384615385 0.2403846153846154
1 0.5925480769230769 0.9242788461538461 0.1778846153846154 0.14903846153846154
1 0.6514423076923077 0.9242788461538461 0.1778846153846154 0.14903846153846154
1 0.6706730769230769 0.5973557692307693 0.16346153846153846 0.22596153846153846
1 0.8076923076923077 0.49038461538461536 0.16346153846153846 0.22596153846153846
1 0.5588942307692307 0.4543269230769231 0.19471153846153846 0.23076923076923078
1 0.8112980769230769 0.9074519230769231 0.1658653846153846 0.18269230769230768
1 0.04447115384615385 0.7884615384615384 0.0889423076923077 0.23557692307692307
1 0.037259615384615384 0.234375 0.07211538461538461 0.28846153846153844
1 0.5685096153846154 0.06610576923076923 0.22115384615384615 0.13221153846153846
1 0.8798076923076923 0.5949519230769231 0.16346153846153846 0.22596153846153846
1 0.8545673076923077 0.6911057692307693 0.16346153846153846 0.22596153846153846
1 0.8341346153846154 0.8197115384615384 0.16346153846153846 0.22596153846153846
1 0.9591346153846154 0.8581730769230769 0.07932692307692307 0.22596153846153846
1 0.9194711538461539 0.14182692307692307 0.15865384615384615 0.28365384615384615
1 0.8016826923076923 0.1658653846153846 0.18990384615384615 0.27884615384615385
0 0.5769230769230769 0.20432692307692307 0.07211538461538461 0.10336538461538461
0 0.6742788461538461 0.19230769230769232 0.07211538461538461 0.10336538461538461
0 0.5 0.051682692307692304 0.07211538461538461 0.10336538461538461
1 0.5324519230769231 0.3425480769230769 0.18509615384615385 0.23798076923076922