1 0.7223557692307693 0.6947115384615384 0.18509615384615385 0.1466346153846154
1 0.9146634615384616 0.7271634615384616 0.16826923076923078 0.15384615384615385
1 0.46033653846153844 0.31490384615384615 0.23557692307692307 0.17307692307692307
1 0.6502403846153846 0.15144230769230768 0.19230769230769232 0.14423076923076922
1 0.06129807692307692 0.24158653846153846 0.1201923076923077 0.1346153846153846
1 0.18629807692307693 0.14182692307692307 0.21634615384615385 0.18269230769230768
1 0.3112980769230769 0.7944711538461539 0.19230769230769232 0.15384615384615385
1 0.3581730769230769 0.4879807692307692 0.20192307692307693 0.16346153846153846
1 0.036057692307692304 0.09375 0.0673076923076923 0.16826923076923078
1 0.3545673076923077 0.051682692307692304 0.21634615384615385 0.10096153846153846
1 0.7115384615384616 0.028846153846153848 0.18509615384615385 0.052884615384615384
1 0.9038461538461539 0.07932692307692307 0.1875 0.15384615384615385
1 0.10576923076923077 0.47115384615384615 0.20673076923076922 0.21153846153846154
2 0.8389423076923077 0.5240384615384616 0.3173076923076923 0.22115384615384615
0 0.6490384615384616 0.5228365384615384 0.09375 0.0673076923076923