2 0.8197115384615384 0.6574519230769231 0.34375 0.4375
1 0.5228365384615384 0.7247596153846154 0.19230769230769232 0.2403846153846154
1 0.2776442307692308 0.7608173076923077 0.1875 0.2932692307692308
1 0.3329326923076923 0.31009615384615385 0.19471153846153846 0.32211538461538464
1 0.8028846153846154 0.2956730769230769 0.18269230769230768 0.20192307692307693
1 0.6141826923076923 0.8858173076923077 0.18269230769230768 0.20192307692307693
1 0.4230769230769231 0.9254807692307693 0.18269230769230768 0.14423076923076922
1 0.04567307692307692 0.46634615384615385 0.0889423076923077 0.2692307692307692
1 0.1875 0.23317307692307693 0.16346153846153846 0.25961538461538464
1 0.06850961538461539 0.19110576923076922 0.1346153846153846 0.21634615384615385
1 0.12980769230769232 0.5745192307692307 0.1658653846153846 0.24519230769230768
1 0.6418269230769231 0.12139423076923077 0.19230769230769232 0.23557692307692307
1 0.7728365384615384 0.17067307692307693 0.19230769230769232 0.23557692307692307
1 0.203125 0.9350961538461539 0.16826923076923078 0.125
1 0.4206730769230769 0.9326923076923077 0.16826923076923078 0.12980769230769232