1 0.6730769230769231 0.0889423076923077 0.17307692307692307 0.1778846153846154
1 0.8365384615384616 0.1466346153846154 0.1778846153846154 0.21153846153846154
1 0.49038461538461536 0.2860576923076923 0.19951923076923078 0.2548076923076923
1 0.30408653846153844 0.06850961538461539 0.1658653846153846 0.13701923076923078
1 0.09134615384615384 0.5817307692307693 0.18269230769230768 0.2403846153846154
1 0.5456730769230769 0.8942307692307693 0.15384615384615385 0.20673076923076922
1 0.23197115384615385 0.20192307692307693 0.1875 0.22355769230769232
1 0.6274038461538461 0.5024038461538461 0.1875 0.22355769230769232
1 0.8100961538461539 0.5769230769230769 0.1875 0.22355769230769232
1 0.33653846153846156 0.9375 0.21394230769230768 0.1201923076923077
1 0.055288461538461536 0.8605769230769231 0.11057692307692307 0.21153846153846154
2 0.3786057692307692 0.6935096153846154 0.3293269230769231 0.40865384615384615