1 0.7716346153846154 0.9146634615384616 0.21634615384615385 0.1658653846153846
1 0.43028846153846156 0.6081730769230769 0.14182692307692307 0.23317307692307693
1 0.484375 0.3737980769230769 0.1466346153846154 0.20192307692307693
1 0.3004807692307692 0.8966346153846154 0.1466346153846154 0.1971153846153846
1 0.27403846153846156 0.13822115384615385 0.15625 0.19951923076923078
1 0.055288461538461536 0.5576923076923077 0.10817307692307693 0.20192307692307693
1 0.10096153846153846 0.8485576923076923 0.13221153846153846 0.20192307692307693
1 0.14783653846153846 0.078125 0.1466346153846154 0.15144230769230768
1 0.8665865384615384 0.24639423076923078 0.14182692307692307 0.24519230769230768
1 0.78125 0.6802884615384616 0.15384615384615385 0.22355769230769232
1 0.6394230769230769 0.7271634615384616 0.1466346153846154 0.18269230769230768
1 0.7620192307692307 0.47115384615384615 0.18269230769230768 0.22355769230769232
1 0.640625 0.328125 0.13701923076923078 0.20192307692307693
1 0.5997596153846154 0.21514423076923078 0.1466346153846154 0.19230769230769232
1 0.7139423076923077 0.15144230769230768 0.17307692307692307 0.21634615384615385
2 0.2668269230769231 0.4495192307692308 0.28365384615384615 0.3293269230769231
0 0.578125 0.08533653846153846 0.0625 0.0889423076923077