1 0.33413461538461536 0.5456730769230769 0.12740384615384615 0.31490384615384615
1 0.2800480769230769 0.8209134615384616 0.19951923076923078 0.22115384615384615
1 0.18870192307692307 0.5829326923076923 0.15625 0.20192307692307693
1 0.1502403846153846 0.39783653846153844 0.1778846153846154 0.21875
1 0.4014423076923077 0.20673076923076922 0.18990384615384615 0.24519230769230768
1 0.47836538461538464 0.44711538461538464 0.17548076923076922 0.21634615384615385
1 0.6201923076923077 0.5853365384615384 0.1971153846153846 0.21394230769230768
1 0.09014423076923077 0.15625 0.17548076923076922 0.27884615384615385
1 0.07692307692307693 0.7247596153846154 0.14903846153846154 0.24278846153846154
1 0.5961538461538461 0.8088942307692307 0.15144230769230768 0.24519230769230768
1 0.6911057692307693 0.8185096153846154 0.20432692307692307 0.2668269230769231
1 0.8774038461538461 0.3389423076923077 0.17307692307692307 0.23076923076923078
1 0.890625 0.2091346153846154 0.15865384615384615 0.20192307692307693
1 0.8305288461538461 0.6550480769230769 0.15865384615384615 0.1971153846153846
2 0.640625 0.21754807692307693 0.3701923076923077 0.43028846153846156
0 0.4723557692307692 0.7908653846153846 0.052884615384615384 0.0673076923076923
0 0.7800480769230769 0.026442307692307692 0.04326923076923077 0.04807692307692308