1 0.8617788461538461 0.5612980769230769 0.16346153846153846 0.22355769230769232
1 0.6646634615384616 0.7908653846153846 0.16346153846153846 0.22355769230769232
1 0.8112980769230769 0.7415865384615384 0.15865384615384615 0.16826923076923078
1 0.6947115384615384 0.48677884615384615 0.18269230769230768 0.2403846153846154
1 0.5661057692307693 0.6237980769230769 0.21153846153846154 0.24278846153846154
1 0.24759615384615385 0.1310096153846154 0.1875 0.20192307692307693
1 0.125 0.08653846153846154 0.16826923076923078 0.16826923076923078
1 0.2548076923076923 0.359375 0.21634615384615385 0.23076923076923078
1 0.14903846153846154 0.6466346153846154 0.16826923076923078 0.23076923076923078
1 0.9026442307692307 0.8557692307692307 0.18990384615384615 0.2403846153846154
1 0.38822115384615385 0.5564903846153846 0.16826923076923078 0.2644230769230769
2 0.6706730769230769 0.1971153846153846 0.4014423076923077 0.3894230769230769
0 0.7572115384615384 0.8810096153846154 0.055288461538461536 0.07211538461538461