1 0.1814903846153846 0.4891826923076923 0.18990384615384615 0.22115384615384615
1 0.2704326923076923 0.3942307692307692 0.18990384615384615 0.22115384615384615
1 0.33774038461538464 0.8425480769230769 0.18990384615384615 0.22115384615384615
1 0.09375 0.7463942307692307 0.18509615384615385 0.2548076923076923
1 0.17427884615384615 0.7668269230769231 0.17067307692307693 0.23317307692307693
1 0.6574519230769231 0.5540865384615384 0.18990384615384615 0.22115384615384615
1 0.484375 0.12980769230769232 0.18990384615384615 0.22115384615384615
1 0.08173076923076923 0.24519230769230768 0.15865384615384615 0.22115384615384615
1 0.5661057692307693 0.8629807692307693 0.18990384615384615 0.22115384615384615
1 0.90625 0.8329326923076923 0.18269230769230768 0.22355769230769232
1 0.9074519230769231 0.23798076923076922 0.18028846153846154 0.22596153846153846
1 0.7475961538461539 0.30528846153846156 0.18990384615384615 0.22115384615384615
1 0.8737980769230769 0.09375 0.13942307692307693 0.18269230769230768
1 0.8401442307692307 0.6081730769230769 0.2403846153846154 0.2692307692307692
1 0.29447115384615385 0.06850961538461539 0.16346153846153846 0.13221153846153846
2 0.7091346153846154 0.0985576923076923 0.1971153846153846 0.19230769230769232
0 0.41225961538461536 0.8185096153846154 0.057692307692307696 0.0673076923076923