1 0.9014423076923077 0.2920673076923077 0.17548076923076922 0.21153846153846154
1 0.8185096153846154 0.4807692307692308 0.16346153846153846 0.21153846153846154
1 0.8545673076923077 0.9182692307692307 0.17067307692307693 0.15865384615384615
1 0.6490384615384616 0.8954326923076923 0.1778846153846154 0.20673076923076922
1 0.38461538461538464 0.9182692307692307 0.21634615384615385 0.15865384615384615
1 0.44711538461538464 0.7007211538461539 0.16826923076923078 0.23076923076923078
1 0.27524038461538464 0.6322115384615384 0.16826923076923078 0.23076923076923078
1 0.16466346153846154 0.35096153846153844 0.18990384615384615 0.18509615384615385
1 0.6790865384615384 0.10336538461538461 0.19230769230769232 0.20192307692307693
1 0.09975961538461539 0.7391826923076923 0.18990384615384615 0.23557692307692307
1 0.1622596153846154 0.8497596153846154 0.18990384615384615 0.23557692307692307
1 0.08173076923076923 0.5204326923076923 0.16105769230769232 0.1875
1 0.6298076923076923 0.46274038461538464 0.16826923076923078 0.23557692307692307
1 0.7223557692307693 0.6598557692307693 0.1875 0.2620192307692308
2 0.4699519230769231 0.22956730769230768 0.3870192307692308 0.4567307692307692