1 0.21033653846153846 0.5456730769230769 0.24519230769230768 0.19230769230769232
1 0.5024038461538461 0.6995192307692307 0.18269230769230768 0.19230769230769232
1 0.13221153846153846 0.8125 0.20432692307692307 0.17548076923076922
1 0.5516826923076923 0.9038461538461539 0.2403846153846154 0.17307692307692307
1 0.24759615384615385 0.8930288461538461 0.20192307692307693 0.1658653846153846
1 0.055288461538461536 0.7560096153846154 0.10576923076923077 0.15384615384615385
1 0.13221153846153846 0.15625 0.21153846153846154 0.1346153846153846
1 0.6502403846153846 0.40625 0.20673076923076922 0.16346153846153846
1 0.8942307692307693 0.8713942307692307 0.20673076923076922 0.16346153846153846
1 0.7055288461538461 0.6802884615384616 0.20432692307692307 0.19230769230769232
1 0.8822115384615384 0.1201923076923077 0.20673076923076922 0.16346153846153846
1 0.6911057692307693 0.234375 0.1971153846153846 0.17067307692307693
1 0.890625 0.45072115384615385 0.21394230769230768 0.17548076923076922
1 0.9170673076923077 0.6141826923076923 0.16105769230769232 0.18028846153846154
1 0.8954326923076923 0.2776442307692308 0.20432692307692307 0.16105769230769232
1 0.484375 0.08413461538461539 0.1971153846153846 0.16826923076923078
2 0.30528846153846156 0.3293269230769231 0.40865384615384615 0.2932692307692308