1 0.8028846153846154 0.5817307692307693 0.15865384615384615 0.19230769230769232
1 0.8665865384615384 0.36658653846153844 0.13942307692307693 0.1971153846153846
1 0.9543269230769231 0.25841346153846156 0.0889423076923077 0.2283653846153846
1 0.8365384615384616 0.1622596153846154 0.17548076923076922 0.20192307692307693
1 0.12259615384615384 0.25600961538461536 0.14903846153846154 0.20432692307692307
1 0.109375 0.08774038461538461 0.1875 0.17067307692307693
1 0.27403846153846156 0.30528846153846156 0.20192307692307693 0.2644230769230769
1 0.32091346153846156 0.6105769230769231 0.15865384615384615 0.2403846153846154
1 0.07211538461538461 0.9206730769230769 0.1346153846153846 0.15384615384615385
1 0.3088942307692308 0.8353365384615384 0.1658653846153846 0.1971153846153846
1 0.4266826923076923 0.06490384615384616 0.14423076923076922 0.125
1 0.21033653846153846 0.8221153846153846 0.15865384615384615 0.2644230769230769
1 0.9579326923076923 0.4795673076923077 0.08173076923076923 0.20432692307692307
1 0.4230769230769231 0.453125 0.15865384615384615 0.19230769230769232
2 0.5276442307692307 0.6995192307692307 0.39903846153846156 0.5