1 0.3473557692307692 0.640625 0.2692307692307692 0.17067307692307693
1 0.29927884615384615 0.8149038461538461 0.2644230769230769 0.18509615384615385
1 0.5637019230769231 0.4519230769230769 0.30528846153846156 0.19230769230769232
1 0.7872596153846154 0.11057692307692307 0.23076923076923078 0.18269230769230768
1 0.21153846153846154 0.5036057692307693 0.22355769230769232 0.16105769230769232
1 0.07211538461538461 0.7403846153846154 0.13942307692307693 0.15865384615384615
1 0.4723557692307692 0.15504807692307693 0.22355769230769232 0.16105769230769232
1 0.17067307692307693 0.09495192307692307 0.25721153846153844 0.1875
1 0.47836538461538464 0.9387019230769231 0.24519230769230768 0.11778846153846154
1 0.7980769230769231 0.2704326923076923 0.21153846153846154 0.14423076923076922
1 0.30408653846153844 0.3076923076923077 0.22355769230769232 0.16105769230769232
2 0.8353365384615384 0.6298076923076923 0.3269230769230769 0.3293269230769231