1 0.4579326923076923 0.14543269230769232 0.1875 0.22596153846153846
1 0.6959134615384616 0.40625 0.16346153846153846 0.2091346153846154
1 0.8629807692307693 0.5865384615384616 0.18990384615384615 0.2620192307692308
1 0.6622596153846154 0.6766826923076923 0.18990384615384615 0.25961538461538464
1 0.12860576923076922 0.4338942307692308 0.1875 0.15384615384615385
1 0.5168269230769231 0.8689903846153846 0.14903846153846154 0.18509615384615385
1 0.5300480769230769 0.7247596153846154 0.14903846153846154 0.18509615384615385
1 0.10336538461538461 0.9182692307692307 0.15144230769230768 0.15865384615384615
1 0.921875 0.8125 0.14903846153846154 0.18509615384615385
2 0.06971153846153846 0.6081730769230769 0.1346153846153846 0.28365384615384615
0 0.037259615384615384 0.25600961538461536 0.06490384615384616 0.08173076923076923
0 0.5949519230769231 0.28365384615384615 0.055288461538461536 0.08173076923076923
0 0.5348557692307693 0.2620192307692308 0.055288461538461536 0.08173076923076923
0 0.6382211538461539 0.21875 0.0673076923076923 0.08653846153846154