1 0.3004807692307692 0.875 0.19230769230769232 0.20432692307692307
1 0.10697115384615384 0.90625 0.18509615384615385 0.18269230769230768
1 0.40865384615384615 0.29447115384615385 0.19230769230769232 0.20432692307692307
1 0.7055288461538461 0.203125 0.19471153846153846 0.23798076923076922
1 0.7355769230769231 0.453125 0.15384615384615385 0.2403846153846154
1 0.9411057692307693 0.6370192307692307 0.11538461538461539 0.28365384615384615
1 0.2824519230769231 0.5324519230769231 0.16346153846153846 0.22596153846153846
1 0.44591346153846156 0.7307692307692307 0.16346153846153846 0.22596153846153846
1 0.140625 0.7644230769230769 0.16346153846153846 0.1971153846153846
1 0.5144230769230769 0.16947115384615385 0.1875 0.2644230769230769
2 0.6358173076923077 0.7319711538461539 0.21634615384615385 0.2932692307692308
0 0.21875 0.4567307692307692 0.052884615384615384 0.07211538461538461
2 0.9423076923076923 0.3269230769230769 0.11057692307692307 0.27403846153846156