1 0.7548076923076923 0.6814903846153846 0.28846153846153844 0.16346153846153846
1 0.4651442307692308 0.8882211538461539 0.23557692307692307 0.17067307692307693
1 0.9026442307692307 0.8088942307692307 0.19230769230769232 0.18269230769230768
1 0.4951923076923077 0.25 0.21634615384615385 0.18269230769230768
1 0.11298076923076923 0.3449519230769231 0.22115384615384615 0.1875
1 0.09735576923076923 0.5925480769230769 0.1875 0.17307692307692307
1 0.29086538461538464 0.24158653846153846 0.21634615384615385 0.18269230769230768
1 0.09615384615384616 0.1875 0.1875 0.1875
1 0.6622596153846154 0.44350961538461536 0.16826923076923078 0.1875
1 0.8713942307692307 0.375 0.25240384615384615 0.11538461538461539
1 0.7247596153846154 0.8665865384615384 0.20192307692307693 0.15625
1 0.11057692307692307 0.7680288461538461 0.21634615384615385 0.16346153846153846
1 0.3449519230769231 0.040865384615384616 0.2403846153846154 0.08173076923076923
2 0.36177884615384615 0.4483173076923077 0.47596153846153844 0.36538461538461536