1 0.5408653846153846 0.14423076923076922 0.25961538461538464 0.17548076923076922
1 0.25600961538461536 0.1346153846153846 0.21153846153846154 0.1778846153846154
1 0.19230769230769232 0.24158653846153846 0.20192307692307693 0.14903846153846154
1 0.38341346153846156 0.6694711538461539 0.20192307692307693 0.14903846153846154
1 0.7019230769230769 0.35096153846153844 0.1875 0.18269230769230768
1 0.9098557692307693 0.15625 0.1778846153846154 0.18509615384615385
1 0.2283653846153846 0.9122596153846154 0.20432692307692307 0.17307692307692307
1 0.546875 0.484375 0.24519230769230768 0.20673076923076922
1 0.8269230769230769 0.5637019230769231 0.22355769230769232 0.1658653846153846
1 0.43990384615384615 0.90625 0.22115384615384615 0.18509615384615385
2 0.13701923076923078 0.4411057692307692 0.27403846153846156 0.34134615384615385