1 0.46875 0.08173076923076923 0.23557692307692307 0.16346153846153846
1 0.23798076923076922 0.1935096153846154 0.24278846153846154 0.20673076923076922
1 0.6610576923076923 0.8942307692307693 0.22596153846153846 0.1778846153846154
1 0.6514423076923077 0.6514423076923077 0.25961538461538464 0.15625
1 0.44711538461538464 0.34615384615384615 0.23557692307692307 0.20192307692307693
1 0.20793269230769232 0.6670673076923077 0.25961538461538464 0.15625
1 0.19230769230769232 0.5012019230769231 0.28125 0.16105769230769232
1 0.9038461538461539 0.7800480769230769 0.1875 0.17548076923076922
1 0.06009615384615385 0.3641826923076923 0.11538461538461539 0.14423076923076922
1 0.9110576923076923 0.6262019230769231 0.17307692307692307 0.1658653846153846
1 0.9314903846153846 0.08533653846153846 0.13221153846153846 0.17067307692307693
1 0.39783653846153844 0.9543269230769231 0.21634615384615385 0.0889423076923077
1 0.09134615384615384 0.051682692307692304 0.1778846153846154 0.10336538461538461