1 0.5252403846153846 0.5721153846153846 0.17067307692307693 0.22115384615384615
1 0.17548076923076922 0.17548076923076922 0.14903846153846154 0.20432692307692307
1 0.07091346153846154 0.49399038461538464 0.13942307692307693 0.22115384615384615
1 0.8834134615384616 0.28725961538461536 0.16346153846153846 0.23076923076923078
1 0.3088942307692308 0.6033653846153846 0.16346153846153846 0.23076923076923078
1 0.8257211538461539 0.5204326923076923 0.16346153846153846 0.23317307692307693
1 0.44711538461538464 0.08533653846153846 0.17307692307692307 0.1658653846153846
1 0.671875 0.6670673076923077 0.16826923076923078 0.1875
1 0.3942307692307692 0.9074519230769231 0.18028846153846154 0.1778846153846154
1 0.5865384615384616 0.9350961538461539 0.21634615384615385 0.125
1 0.8125 0.8846153846153846 0.17307692307692307 0.22596153846153846
2 0.6538461538461539 0.2704326923076923 0.35336538461538464 0.4326923076923077
2 0.38100961538461536 0.35697115384615385 0.25 0.3125
0 0.01201923076923077 0.8497596153846154 0.021634615384615384 0.07211538461538461