1 0.6310096153846154 0.5552884615384616 0.2403846153846154 0.19230769230769232
1 0.19110576923076922 0.7199519230769231 0.25 0.21153846153846154
1 0.20673076923076922 0.3173076923076923 0.25240384615384615 0.19230769230769232
1 0.30528846153846156 0.14182692307692307 0.2644230769230769 0.1875
1 0.5216346153846154 0.13221153846153846 0.2692307692307692 0.19951923076923078
1 0.7860576923076923 0.2536057692307692 0.20432692307692307 0.20673076923076922
1 0.43028846153846156 0.42788461538461536 0.25 0.1971153846153846
1 0.5733173076923077 0.3137019230769231 0.22115384615384615 0.21634615384615385
1 0.45072115384615385 0.7548076923076923 0.21634615384615385 0.16826923076923078
1 0.06610576923076923 0.5444711538461539 0.12980769230769232 0.20673076923076922
1 0.4375 0.8341346153846154 0.27884615384615385 0.14423076923076922
2 0.8737980769230769 0.5372596153846154 0.24759615384615385 0.3798076923076923