1 0.3954326923076923 0.8401442307692307 0.18269230769230768 0.15865384615384615
1 0.6838942307692307 0.4014423076923077 0.18269230769230768 0.2548076923076923
1 0.4579326923076923 0.37259615384615385 0.18269230769230768 0.2548076923076923
1 0.859375 0.47836538461538464 0.19471153846153846 0.25721153846153844
1 0.38822115384615385 0.11298076923076923 0.19230769230769232 0.22596153846153846
1 0.1346153846153846 0.7379807692307693 0.13942307692307693 0.21634615384615385
1 0.8185096153846154 0.9435096153846154 0.15384615384615385 0.10817307692307693
1 0.5637019230769231 0.9435096153846154 0.1971153846153846 0.10817307692307693
1 0.08533653846153846 0.2512019230769231 0.17067307692307693 0.24759615384615385
1 0.04447115384615385 0.18269230769230768 0.08653846153846154 0.28125
2 0.5817307692307693 0.6730769230769231 0.2403846153846154 0.30528846153846156
0 0.48197115384615385 0.5180288461538461 0.04807692307692308 0.07932692307692307