1 0.6358173076923077 0.2932692307692308 0.23557692307692307 0.18269230769230768
1 0.2439903846153846 0.6454326923076923 0.23557692307692307 0.18269230769230768
1 0.7199519230769231 0.7211538461538461 0.23557692307692307 0.18269230769230768
1 0.4951923076923077 0.5612980769230769 0.24759615384615385 0.11538461538461539
1 0.39302884615384615 0.3137019230769231 0.24519230769230768 0.1971153846153846
1 0.8798076923076923 0.5120192307692307 0.2283653846153846 0.16826923076923078
1 0.8449519230769231 0.31850961538461536 0.20673076923076922 0.20192307692307693
1 0.5588942307692307 0.8701923076923077 0.23557692307692307 0.18269230769230768
1 0.8954326923076923 0.8353365384615384 0.20673076923076922 0.15865384615384615
1 0.07572115384615384 0.5973557692307693 0.14903846153846154 0.1875
1 0.49158653846153844 0.4879807692307692 0.23317307692307693 0.18269230769230768
1 0.8353365384615384 0.18990384615384615 0.20673076923076922 0.19230769230769232
2 0.16706730769230768 0.3713942307692308 0.33413461538461536 0.3485576923076923