1 0.8377403846153846 0.7716346153846154 0.18509615384615385 0.1875
1 0.7776442307692307 0.9326923076923077 0.18990384615384615 0.12980769230769232
1 0.9074519230769231 0.5444711538461539 0.18028846153846154 0.1346153846153846
1 0.28966346153846156 0.9170673076923077 0.24278846153846154 0.16105769230769232
1 0.46033653846153844 0.8149038461538461 0.23557692307692307 0.20432692307692307
1 0.4735576923076923 0.1141826923076923 0.23557692307692307 0.20432692307692307
1 0.44471153846153844 0.2283653846153846 0.23557692307692307 0.20432692307692307
1 0.5168269230769231 0.49278846153846156 0.18269230769230768 0.16346153846153846
1 0.09375 0.8966346153846154 0.1875 0.20192307692307693
1 0.23918269230769232 0.09254807692307693 0.23557692307692307 0.13942307692307693
1 0.8557692307692307 0.078125 0.27884615384615385 0.15144230769230768
1 0.9423076923076923 0.31850961538461536 0.11057692307692307 0.17067307692307693
0 0.18028846153846154 0.6598557692307693 0.09615384615384616 0.0673076923076923
0 0.1045673076923077 0.1466346153846154 0.11057692307692307 0.07211538461538461
2 0.18028846153846154 0.45913461538461536 0.3605769230769231 0.35096153846153844