1 0.8870192307692307 0.48197115384615385 0.22115384615384615 0.16346153846153846
1 0.8605769230769231 0.3173076923076923 0.1971153846153846 0.16826923076923078
1 0.24519230769230768 0.4639423076923077 0.21153846153846154 0.17307692307692307
1 0.15985576923076922 0.3016826923076923 0.2548076923076923 0.18269230769230768
1 0.6658653846153846 0.45552884615384615 0.19951923076923078 0.18269230769230768
1 0.09375 0.5997596153846154 0.1875 0.18990384615384615
1 0.4855769230769231 0.4014423076923077 0.22355769230769232 0.1346153846153846
1 0.11177884615384616 0.0829326923076923 0.22355769230769232 0.16346153846153846
1 0.4206730769230769 0.27283653846153844 0.22596153846153846 0.1658653846153846
1 0.6478365384615384 0.2403846153846154 0.20673076923076922 0.16346153846153846
1 0.21995192307692307 0.7463942307692307 0.22596153846153846 0.16346153846153846
1 0.38822115384615385 0.11538461538461539 0.21634615384615385 0.15144230769230768
1 0.8413461538461539 0.11538461538461539 0.18028846153846154 0.18269230769230768
1 0.31850961538461536 0.9399038461538461 0.23798076923076922 0.11538461538461539
2 0.7055288461538461 0.8221153846153846 0.4519230769230769 0.31971153846153844
0 0.4855769230769231 0.47716346153846156 0.0889423076923077 0.057692307692307696