1 0.3954326923076923 0.5673076923076923 0.2283653846153846 0.17307692307692307
1 0.8004807692307693 0.2091346153846154 0.20673076923076922 0.15384615384615385
1 0.47596153846153844 0.09134615384615384 0.22596153846153846 0.1658653846153846
1 0.6862980769230769 0.9230769230769231 0.24278846153846154 0.14903846153846154
1 0.3641826923076923 0.34615384615384615 0.23557692307692307 0.16826923076923078
1 0.4483173076923077 0.875 0.23557692307692307 0.16826923076923078
1 0.9038461538461539 0.49038461538461536 0.1875 0.17307692307692307
1 0.2980769230769231 0.7175480769230769 0.18990384615384615 0.17307692307692307
1 0.0733173076923077 0.4338942307692308 0.14182692307692307 0.18269230769230768
1 0.04567307692307692 0.6298076923076923 0.08653846153846154 0.22115384615384615
1 0.09735576923076923 0.8617788461538461 0.18990384615384615 0.1778846153846154
2 0.703125 0.6983173076923077 0.4423076923076923 0.3605769230769231
2 0.6153846153846154 0.4206730769230769 0.3173076923076923 0.2548076923076923
0 0.11177884615384616 0.027644230769230768 0.07211538461538461 0.052884615384615384