1 0.8581730769230769 0.7692307692307693 0.18509615384615385 0.2403846153846154
1 0.9603365384615384 0.5528846153846154 0.07451923076923077 0.27403846153846156
1 0.6742788461538461 0.33533653846153844 0.18509615384615385 0.2403846153846154
1 0.7596153846153846 0.27283653846153844 0.1875 0.25961538461538464
1 0.7043269230769231 0.08052884615384616 0.16105769230769232 0.16105769230769232
1 0.5480769230769231 0.08052884615384616 0.16105769230769232 0.16105769230769232
1 0.09014423076923077 0.5324519230769231 0.1778846153846154 0.22115384615384615
1 0.140625 0.30408653846153844 0.1778846153846154 0.22115384615384615
1 0.31490384615384615 0.38822115384615385 0.1778846153846154 0.22115384615384615
1 0.5336538461538461 0.6057692307692307 0.20673076923076922 0.23317307692307693
1 0.6454326923076923 0.5528846153846154 0.19471153846153846 0.23317307692307693
1 0.6899038461538461 0.8269230769230769 0.1658653846153846 0.2932692307692308
1 0.46033653846153844 0.8521634615384616 0.1201923076923077 0.2692307692307692
1 0.3894230769230769 0.15264423076923078 0.23076923076923078 0.30528846153846156
2 0.2776442307692308 0.7463942307692307 0.3798076923076923 0.4567307692307692