1 0.10576923076923077 0.47716346153846156 0.16346153846153846 0.23076923076923078
1 0.21995192307692307 0.24879807692307693 0.20432692307692307 0.23798076923076922
1 0.9110576923076923 0.6646634615384616 0.17548076923076922 0.22355769230769232
1 0.6706730769230769 0.6550480769230769 0.15384615384615385 0.2548076923076923
1 0.3713942307692308 0.4543269230769231 0.19951923076923078 0.23076923076923078
1 0.6875 0.21875 0.15384615384615385 0.2548076923076923
1 0.5228365384615384 0.20432692307692307 0.15865384615384615 0.2764423076923077
1 0.796875 0.9038461538461539 0.17067307692307693 0.1875
1 0.3894230769230769 0.0673076923076923 0.14182692307692307 0.12980769230769232
1 0.6454326923076923 0.9122596153846154 0.15865384615384615 0.17307692307692307
1 0.10336538461538461 0.9314903846153846 0.1875 0.13221153846153846
1 0.9615384615384616 0.40625 0.07211538461538461 0.21153846153846154
1 0.06610576923076923 0.09735576923076923 0.13221153846153846 0.18990384615384615