1 0.31490384615384615 0.22596153846153846 0.20673076923076922 0.16105769230769232
1 0.8870192307692307 0.3088942307692308 0.22115384615384615 0.18028846153846154
1 0.9122596153846154 0.4651442307692308 0.17067307692307693 0.18028846153846154
1 0.9194711538461539 0.6742788461538461 0.15625 0.18509615384615385
1 0.5733173076923077 0.09254807692307693 0.1778846153846154 0.14903846153846154
1 0.27163461538461536 0.6442307692307693 0.21153846153846154 0.15625
1 0.22596153846153846 0.49278846153846156 0.21153846153846154 0.15625
1 0.0889423076923077 0.10697115384615384 0.17307692307692307 0.13942307692307693
1 0.5360576923076923 0.37740384615384615 0.2644230769230769 0.20673076923076922
1 0.08774038461538461 0.5973557692307693 0.17067307692307693 0.15625
1 0.08774038461538461 0.7067307692307693 0.17067307692307693 0.15625
1 0.4423076923076923 0.7608173076923077 0.1778846153846154 0.15384615384615385
1 0.9266826923076923 0.8810096153846154 0.14182692307692307 0.21875
2 0.6622596153846154 0.5625 0.3557692307692308 0.36538461538461536
0 0.9375 0.21394230769230768 0.08173076923076923 0.055288461538461536