1 0.9447115384615384 0.33533653846153844 0.10576923076923077 0.23798076923076922
1 0.5961538461538461 0.15865384615384615 0.21634615384615385 0.23076923076923078
1 0.7584134615384616 0.45552884615384615 0.1658653846153846 0.23798076923076922
1 0.07211538461538461 0.5444711538461539 0.14182692307692307 0.2620192307692308
1 0.32572115384615385 0.08533653846153846 0.16346153846153846 0.16826923076923078
1 0.7992788461538461 0.0889423076923077 0.18269230769230768 0.17307692307692307
1 0.9254807692307693 0.9182692307692307 0.14423076923076922 0.15865384615384615
1 0.2403846153846154 0.5276442307692307 0.17548076923076922 0.23076923076923078
1 0.5841346153846154 0.4074519230769231 0.21634615384615385 0.24278846153846154
1 0.4050480769230769 0.2512019230769231 0.1971153846153846 0.23076923076923078
1 0.7800480769230769 0.625 0.1346153846153846 0.1658653846153846
2 0.46875 0.7103365384615384 0.3894230769230769 0.49759615384615385