1 0.7608173076923077 0.2403846153846154 0.20192307692307693 0.28365384615384615
1 0.3401442307692308 0.35216346153846156 0.22596153846153846 0.28365384615384615
1 0.09735576923076923 0.5072115384615384 0.19471153846153846 0.20192307692307693
1 0.06850961538461539 0.0985576923076923 0.13701923076923078 0.19230769230769232
1 0.30408653846153844 0.875 0.20432692307692307 0.24519230769230768
1 0.2704326923076923 0.6358173076923077 0.20432692307692307 0.24519230769230768
1 0.5492788461538461 0.07451923076923077 0.18990384615384615 0.14423076923076922
1 0.9459134615384616 0.9074519230769231 0.10336538461538461 0.18509615384615385
1 0.6959134615384616 0.8581730769230769 0.22115384615384615 0.2548076923076923
1 0.5168269230769231 0.8966346153846154 0.19230769230769232 0.20192307692307693
1 0.6225961538461539 0.30408653846153844 0.18509615384615385 0.2403846153846154
2 0.5348557692307693 0.5949519230769231 0.38221153846153844 0.45913461538461536