1 0.4807692307692308 0.22596153846153846 0.20432692307692307 0.20192307692307693
1 0.30649038461538464 0.4326923076923077 0.20432692307692307 0.20192307692307693
1 0.09615384615384616 0.7103365384615384 0.1875 0.20192307692307693
1 0.27884615384615385 0.8605769230769231 0.20432692307692307 0.20192307692307693
1 0.6959134615384616 0.8269230769230769 0.20432692307692307 0.20192307692307693
1 0.8341346153846154 0.6574519230769231 0.19230769230769232 0.16105769230769232
1 0.7980769230769231 0.22596153846153846 0.20673076923076922 0.1875
1 0.19110576923076922 0.5300480769230769 0.2403846153846154 0.1875
1 0.49158653846153844 0.7295673076923077 0.2403846153846154 0.1875
1 0.7704326923076923 0.43149038461538464 0.23557692307692307 0.1658653846153846
1 0.9110576923076923 0.8425480769230769 0.17307692307692307 0.1658653846153846
1 0.040865384615384616 0.07451923076923077 0.07692307692307693 0.14423076923076922
2 0.4831730769230769 0.5564903846153846 0.27884615384615385 0.19951923076923078