1 0.1658653846153846 0.40384615384615385 0.16346153846153846 0.21153846153846154
1 0.042067307692307696 0.40625 0.08413461538461539 0.25721153846153844
1 0.4230769230769231 0.4338942307692308 0.21153846153846154 0.24519230769230768
1 0.7836538461538461 0.8269230769230769 0.17548076923076922 0.19951923076923078
1 0.9302884615384616 0.8677884615384616 0.1346153846153846 0.24278846153846154
1 0.8016826923076923 0.5661057692307693 0.17307692307692307 0.2403846153846154
1 0.9086538461538461 0.29086538461538464 0.1778846153846154 0.2548076923076923
1 0.8197115384615384 0.10336538461538461 0.1778846153846154 0.20192307692307693
1 0.6478365384615384 0.3954326923076923 0.17307692307692307 0.2403846153846154
1 0.34375 0.8137019230769231 0.18028846153846154 0.3076923076923077
1 0.16346153846153846 0.7427884615384616 0.16826923076923078 0.23076923076923078
1 0.18028846153846154 0.515625 0.16826923076923078 0.23076923076923078
1 0.2704326923076923 0.10096153846153846 0.13221153846153846 0.1971153846153846
1 0.5757211538461539 0.16466346153846154 0.15625 0.2091346153846154
1 0.65625 0.042067307692307696 0.1875 0.07932692307692307
1 0.10697115384615384 0.20432692307692307 0.15384615384615385 0.2091346153846154
1 0.1778846153846154 0.8822115384615384 0.19230769230769232 0.20432692307692307
2 0.5637019230769231 0.8677884615384616 0.3605769230769231 0.25961538461538464