1 0.2536057692307692 0.11177884615384616 0.1778846153846154 0.22115384615384615
1 0.38341346153846156 0.39903846153846156 0.17067307692307693 0.25961538461538464
1 0.4879807692307692 0.6610576923076923 0.16826923076923078 0.22115384615384615
1 0.6887019230769231 0.7175480769230769 0.18269230769230768 0.2091346153846154
1 0.8425480769230769 0.8737980769230769 0.19951923076923078 0.24759615384615385
1 0.9158653846153846 0.13341346153846154 0.16346153846153846 0.23076923076923078
1 0.12620192307692307 0.32091346153846156 0.21875 0.28365384615384615
1 0.0673076923076923 0.47716346153846156 0.12980769230769232 0.2668269230769231
1 0.6947115384615384 0.13822115384615385 0.18990384615384615 0.24519230769230768
1 0.5264423076923077 0.8353365384615384 0.18990384615384615 0.24519230769230768
1 0.046875 0.17427884615384615 0.0889423076923077 0.24759615384615385
2 0.7908653846153846 0.41346153846153844 0.33653846153846156 0.39663461538461536
0 0.11899038461538461 0.12620192307692307 0.07932692307692307 0.0889423076923077