2 0.6550480769230769 0.5480769230769231 0.3629807692307692 0.27403846153846156
1 0.13221153846153846 0.47836538461538464 0.2403846153846154 0.24519230769230768
1 0.37740384615384615 0.609375 0.2668269230769231 0.19471153846153846
1 0.3016826923076923 0.8725961538461539 0.2668269230769231 0.19471153846153846
1 0.44471153846153844 0.8004807692307693 0.2668269230769231 0.19471153846153846
1 0.6081730769230769 0.765625 0.2668269230769231 0.19471153846153846
1 0.6574519230769231 0.8617788461538461 0.2283653846153846 0.1658653846153846
1 0.7776442307692307 0.8581730769230769 0.2283653846153846 0.1658653846153846
1 0.8858173076923077 0.8209134615384616 0.22596153846153846 0.16826923076923078
1 0.7920673076923077 0.9314903846153846 0.23076923076923078 0.1346153846153846
1 0.14302884615384615 0.056490384615384616 0.2668269230769231 0.10817307692307693
1 0.1141826923076923 0.20432692307692307 0.2283653846153846 0.20673076923076922
1 0.1201923076923077 0.8040865384615384 0.2403846153846154 0.2283653846153846
0 0.06009615384615385 0.6754807692307693 0.1201923076923077 0.07692307692307693
0 0.9591346153846154 0.3605769230769231 0.07692307692307693 0.07211538461538461
1 0.35336538461538464 0.38461538461538464 0.24519230769230768 0.16346153846153846
1 0.4423076923076923 0.09735576923076923 0.24519230769230768 0.16346153846153846
1 0.9495192307692307 0.12139423076923077 0.09615384615384616 0.15144230769230768
1 0.9495192307692307 0.25721153846153844 0.09615384615384616 0.15144230769230768
1 0.9074519230769231 0.07091346153846154 0.18028846153846154 0.13701923076923078