1 0.33052884615384615 0.6286057692307693 0.18269230769230768 0.23076923076923078
1 0.27524038461538464 0.40625 0.15384615384615385 0.19230769230769232
1 0.11298076923076923 0.09495192307692307 0.1971153846153846 0.1875
1 0.7992788461538461 0.16105769230769232 0.15625 0.1971153846153846
1 0.8028846153846154 0.75 0.15865384615384615 0.20192307692307693
1 0.5348557692307693 0.8125 0.17307692307692307 0.21153846153846154
1 0.11658653846153846 0.5300480769230769 0.21634615384615385 0.22596153846153846
1 0.07211538461538461 0.3173076923076923 0.13942307692307693 0.1971153846153846
1 0.7620192307692307 0.5504807692307693 0.15865384615384615 0.20192307692307693
1 0.6574519230769231 0.15384615384615385 0.17548076923076922 0.20432692307692307
2 0.47596153846153844 0.34134615384615385 0.34134615384615385 0.4519230769230769