1 0.27163461538461536 0.29447115384615385 0.2644230769230769 0.1875
1 0.24278846153846154 0.5012019230769231 0.1778846153846154 0.16826923076923078
1 0.4855769230769231 0.14903846153846154 0.3125 0.1658653846153846
1 0.6802884615384616 0.3161057692307692 0.21875 0.15865384615384615
1 0.08653846153846154 0.7860576923076923 0.16826923076923078 0.18269230769230768
1 0.9338942307692307 0.2283653846153846 0.12740384615384615 0.1201923076923077
1 0.8557692307692307 0.5745192307692307 0.22596153846153846 0.2091346153846154
1 0.8185096153846154 0.4254807692307692 0.20192307692307693 0.13942307692307693
1 0.4182692307692308 0.9194711538461539 0.2403846153846154 0.15625
1 0.16105769230769232 0.11538461538461539 0.23557692307692307 0.15865384615384615
1 0.9146634615384616 0.05048076923076923 0.1658653846153846 0.09615384615384616
2 0.5348557692307693 0.5444711538461539 0.37259615384615385 0.3173076923076923
1 0.5084134615384616 0.7584134615384616 0.1778846153846154 0.16826923076923078
1 0.7608173076923077 0.6802884615384616 0.23076923076923078 0.20192307692307693