1 0.4206730769230769 0.9026442307692307 0.13701923076923078 0.18990384615384615
1 0.7391826923076923 0.8449519230769231 0.15865384615384615 0.20673076923076922
1 0.9278846153846154 0.796875 0.13942307692307693 0.21394230769230768
1 0.8149038461538461 0.6526442307692307 0.15865384615384615 0.20673076923076922
1 0.8990384615384616 0.078125 0.16346153846153846 0.15384615384615385
1 0.671875 0.10216346153846154 0.18990384615384615 0.20432692307692307
1 0.484375 0.10697115384615384 0.15625 0.21394230769230768
1 0.09254807692307693 0.056490384615384616 0.1658653846153846 0.11057692307692307
1 0.0889423076923077 0.30408653846153844 0.16826923076923078 0.22355769230769232
1 0.07932692307692307 0.8737980769230769 0.15384615384615385 0.22596153846153846
1 0.35697115384615385 0.6838942307692307 0.1971153846153846 0.2403846153846154
1 0.44471153846153844 0.4951923076923077 0.1971153846153846 0.2403846153846154
1 0.8810096153846154 0.41225961538461536 0.17307692307692307 0.1971153846153846
1 0.6117788461538461 0.609375 0.19471153846153846 0.23557692307692307
2 0.32211538461538464 0.26322115384615385 0.34134615384615385 0.4182692307692308