1 0.7644230769230769 0.6045673076923077 0.17307692307692307 0.18990384615384615
1 0.8581730769230769 0.9098557692307693 0.17307692307692307 0.17548076923076922
1 0.5108173076923077 0.12980769230769232 0.17307692307692307 0.19230769230769232
1 0.16346153846153846 0.8076923076923077 0.1778846153846154 0.25961538461538464
1 0.30649038461538464 0.2403846153846154 0.1778846153846154 0.2620192307692308
1 0.2764423076923077 0.9182692307692307 0.17307692307692307 0.15865384615384615
1 0.8185096153846154 0.36177884615384615 0.15384615384615385 0.1658653846153846
1 0.7560096153846154 0.15144230769230768 0.18269230769230768 0.24278846153846154
1 0.17307692307692307 0.31009615384615385 0.14423076923076922 0.25240384615384615
1 0.7247596153846154 0.3557692307692308 0.15144230769230768 0.18028846153846154
1 0.9338942307692307 0.6899038461538461 0.12740384615384615 0.2692307692307692
2 0.5540865384615384 0.7019230769230769 0.3798076923076923 0.47596153846153844