1 0.31971153846153844 0.3088942307692308 0.20192307692307693 0.18269230769230768
1 0.546875 0.21634615384615385 0.2548076923076923 0.19230769230769232
1 0.6875 0.36778846153846156 0.23317307692307693 0.17307692307692307
1 0.5877403846153846 0.47596153846153844 0.20192307692307693 0.16826923076923078
1 0.9026442307692307 0.3762019230769231 0.18990384615384615 0.17067307692307693
1 0.0985576923076923 0.35216346153846156 0.19230769230769232 0.18028846153846154
1 0.0673076923076923 0.5697115384615384 0.12980769230769232 0.1778846153846154
1 0.8870192307692307 0.20192307692307693 0.22115384615384615 0.1875
1 0.17307692307692307 0.0673076923076923 0.23557692307692307 0.12980769230769232
1 0.7584134615384616 0.6610576923076923 0.23317307692307693 0.15144230769230768
1 0.7367788461538461 0.8521634615384616 0.23317307692307693 0.15144230769230768
1 0.6225961538461539 0.9230769230769231 0.23317307692307693 0.15144230769230768
2 0.3317307692307692 0.7860576923076923 0.39663461538461536 0.36538461538461536