1 0.2800480769230769 0.8834134615384616 0.20673076923076922 0.16346153846153846
1 0.6622596153846154 0.5841346153846154 0.1778846153846154 0.12980769230769232
1 0.6057692307692307 0.1346153846153846 0.19951923076923078 0.16346153846153846
1 0.7932692307692307 0.7355769230769231 0.19951923076923078 0.16346153846153846
1 0.375 0.17548076923076922 0.23317307692307693 0.16346153846153846
1 0.16826923076923078 0.06370192307692307 0.18028846153846154 0.125
1 0.07692307692307693 0.18990384615384615 0.14903846153846154 0.15625
1 0.04567307692307692 0.44350961538461536 0.08653846153846154 0.16346153846153846
1 0.038461538461538464 0.6610576923076923 0.07211538461538461 0.15865384615384615
1 0.7860576923076923 0.9302884615384616 0.17307692307692307 0.1346153846153846
2 0.3269230769230769 0.5625 0.3125 0.24519230769230768
1 0.2776442307692308 0.7415865384615384 0.21394230769230768 0.13221153846153846
1 0.44591346153846156 0.7608173076923077 0.21394230769230768 0.13221153846153846
1 0.5637019230769231 0.36899038461538464 0.23317307692307693 0.13942307692307693
1 0.6862980769230769 0.47596153846153844 0.19951923076923078 0.14423076923076922