1 0.734375 0.6598557692307693 0.18028846153846154 0.23798076923076922
1 0.8533653846153846 0.8353365384615384 0.15865384615384615 0.23557692307692307
1 0.59375 0.7475961538461539 0.11057692307692307 0.21153846153846154
1 0.5949519230769231 0.5168269230769231 0.1778846153846154 0.23076923076923078
1 0.625 0.30649038461538464 0.15384615384615385 0.2091346153846154
1 0.44350961538461536 0.375 0.17548076923076922 0.22115384615384615
1 0.10697115384615384 0.13822115384615385 0.20432692307692307 0.24519230769230768
1 0.890625 0.4110576923076923 0.15865384615384615 0.22115384615384615
1 0.8413461538461539 0.25841346153846156 0.19471153846153846 0.2644230769230769
1 0.4254807692307692 0.6069711538461539 0.16826923076923078 0.21153846153846154
1 0.1814903846153846 0.8221153846153846 0.21153846153846154 0.1778846153846154
1 0.4266826923076923 0.9098557692307693 0.18509615384615385 0.17548076923076922
1 0.5793269230769231 0.9146634615384616 0.15384615384615385 0.1658653846153846
1 0.32572115384615385 0.125 0.1875 0.24519230769230768
0 0.7487980769230769 0.28846153846153844 0.05048076923076923 0.0625
0 0.65625 0.125 0.0673076923076923 0.08653846153846154
2 0.21634615384615385 0.4987980769230769 0.3798076923076923 0.5480769230769231