2 0.3641826923076923 0.7319711538461539 0.3485576923076923 0.39903846153846156
1 0.5817307692307693 0.7079326923076923 0.17307692307692307 0.21875
1 0.6682692307692307 0.609375 0.14903846153846154 0.1875
1 0.8846153846153846 0.4675480769230769 0.1778846153846154 0.1971153846153846
1 0.765625 0.3545673076923077 0.21875 0.25961538461538464
1 0.8930288461538461 0.8569711538461539 0.16346153846153846 0.2644230769230769
1 0.7403846153846154 0.9110576923076923 0.17307692307692307 0.17307692307692307
1 0.057692307692307696 0.6237980769230769 0.11538461538461539 0.24759615384615385
1 0.1502403846153846 0.46033653846153844 0.1778846153846154 0.24519230769230768
1 0.5793269230769231 0.3076923076923077 0.1778846153846154 0.19951923076923078
1 0.6682692307692307 0.15745192307692307 0.19230769230769232 0.21634615384615385
1 0.0625 0.1778846153846154 0.125 0.1875
1 0.17307692307692307 0.08533653846153846 0.21634615384615385 0.16346153846153846
1 0.8774038461538461 0.09615384615384616 0.13221153846153846 0.1875
1 0.15144230769230768 0.7199519230769231 0.15384615384615385 0.3125
1 0.42427884615384615 0.35096153846153844 0.19230769230769232 0.24519230769230768
0 0.5516826923076923 0.40865384615384615 0.057692307692307696 0.0673076923076923