2 0.23317307692307693 0.5192307692307693 0.23557692307692307 0.28846153846153844
0 0.7367788461538461 0.6310096153846154 0.08653846153846154 0.07211538461538461
1 0.47115384615384615 0.2980769230769231 0.18509615384615385 0.23798076923076922
1 0.39663461538461536 0.19831730769230768 0.12980769230769232 0.1971153846153846
1 0.6514423076923077 0.3894230769230769 0.15625 0.1778846153846154
1 0.7632211538461539 0.38341346153846156 0.19230769230769232 0.19230769230769232
1 0.4519230769230769 0.5180288461538461 0.19230769230769232 0.22596153846153846
1 0.4206730769230769 0.6694711538461539 0.19230769230769232 0.22596153846153846
1 0.3125 0.7860576923076923 0.19230769230769232 0.22596153846153846
1 0.49759615384615385 0.8810096153846154 0.19230769230769232 0.22596153846153846
1 0.7091346153846154 0.8617788461538461 0.19230769230769232 0.22596153846153846
1 0.890625 0.32091346153846156 0.1875 0.18269230769230768
1 0.90625 0.21514423076923078 0.18269230769230768 0.19230769230769232
1 0.7463942307692307 0.11899038461538461 0.1658653846153846 0.2091346153846154
1 0.21033653846153846 0.17548076923076922 0.20673076923076922 0.25721153846153844
1 0.1141826923076923 0.26802884615384615 0.17307692307692307 0.24519230769230768
1 0.06850961538461539 0.39903846153846156 0.1346153846153846 0.2620192307692308
1 0.0625 0.5384615384615384 0.125 0.2644230769230769
1 0.05889423076923077 0.6634615384615384 0.11538461538461539 0.21634615384615385
1 0.05889423076923077 0.7608173076923077 0.11538461538461539 0.21634615384615385
1 0.0985576923076923 0.8569711538461539 0.12980769230769232 0.22115384615384615
1 0.08774038461538461 0.9435096153846154 0.1466346153846154 0.10817307692307693
1 0.39783653846153844 0.052884615384615384 0.1466346153846154 0.10576923076923077
1 0.5036057692307693 0.07692307692307693 0.14182692307692307 0.15384615384615385