1 0.5853365384615384 0.3798076923076923 0.20192307692307693 0.23557692307692307
1 0.7956730769230769 0.5276442307692307 0.15865384615384615 0.2091346153846154
1 0.9266826923076923 0.10216346153846154 0.14182692307692307 0.20432692307692307
1 0.8653846153846154 0.3076923076923077 0.1971153846153846 0.20673076923076922
1 0.4855769230769231 0.6358173076923077 0.15384615384615385 0.18269230769230768
1 0.5300480769230769 0.7644230769230769 0.1658653846153846 0.23557692307692307
1 0.5528846153846154 0.8798076923076923 0.16826923076923078 0.23557692307692307
1 0.3004807692307692 0.5673076923076923 0.1875 0.18028846153846154
1 0.14903846153846154 0.9302884615384616 0.18269230769230768 0.1346153846153846
1 0.21995192307692307 0.7620192307692307 0.22355769230769232 0.25240384615384615
1 0.3894230769230769 0.8918269230769231 0.16826923076923078 0.21153846153846154
1 0.10216346153846154 0.1045673076923077 0.19471153846153846 0.20432692307692307
1 0.6995192307692307 0.8317307692307693 0.16346153846153846 0.22115384615384615
1 0.44350961538461536 0.13221153846153846 0.16346153846153846 0.22115384615384615
1 0.8798076923076923 0.6850961538461539 0.16346153846153846 0.22355769230769232
0 0.578125 0.14783653846153846 0.06490384615384616 0.10096153846153846
0 0.9771634615384616 0.2091346153846154 0.040865384615384616 0.10576923076923077
2 0.27524038461538464 0.3112980769230769 0.3173076923076923 0.3557692307692308