1 0.24519230769230768 0.40384615384615385 0.23557692307692307 0.22596153846153846
1 0.10216346153846154 0.5661057692307693 0.20192307692307693 0.15144230769230768
1 0.12259615384615384 0.8605769230769231 0.23076923076923078 0.17307692307692307
1 0.22596153846153846 0.6935096153846154 0.23076923076923078 0.17307692307692307
1 0.44350961538461536 0.7199519230769231 0.23076923076923078 0.17307692307692307
1 0.8028846153846154 0.5829326923076923 0.23557692307692307 0.19471153846153846
1 0.6442307692307693 0.3894230769230769 0.2692307692307692 0.19471153846153846
1 0.6033653846153846 0.6959134615384616 0.24278846153846154 0.1875
1 0.8858173076923077 0.38100961538461536 0.22355769230769232 0.20432692307692307
1 0.8966346153846154 0.1814903846153846 0.14423076923076922 0.21634615384615385
1 0.7824519230769231 0.9302884615384616 0.18269230769230768 0.13701923076923078
1 0.6526442307692307 0.9411057692307693 0.21634615384615385 0.11538461538461539
1 0.9326923076923077 0.8930288461538461 0.12980769230769232 0.16105769230769232
1 0.9326923076923077 0.6838942307692307 0.12980769230769232 0.16105769230769232
2 0.4338942307692308 0.15264423076923078 0.4495192307692308 0.30528846153846156
0 0.2644230769230769 0.28846153846153844 0.09615384615384616 0.07211538461538461