1 0.4266826923076923 0.38100961538461536 0.15865384615384615 0.22355769230769232
1 0.6766826923076923 0.3016826923076923 0.15865384615384615 0.22355769230769232
1 0.5949519230769231 0.29927884615384615 0.15865384615384615 0.22355769230769232
1 0.5600961538461539 0.11177884615384616 0.16826923076923078 0.21634615384615385
1 0.8197115384615384 0.1658653846153846 0.16826923076923078 0.21634615384615385
1 0.9326923076923077 0.14783653846153846 0.12980769230769232 0.21875
1 0.38822115384615385 0.07091346153846154 0.15865384615384615 0.13701923076923078
1 0.328125 0.08413461538461539 0.15865384615384615 0.16346153846153846
1 0.28966346153846156 0.13221153846153846 0.15865384615384615 0.1778846153846154
1 0.22235576923076922 0.1778846153846154 0.15865384615384615 0.1778846153846154
1 0.18269230769230768 0.22115384615384615 0.15865384615384615 0.1778846153846154
1 0.1502403846153846 0.2548076923076923 0.15865384615384615 0.1778846153846154
1 0.24519230769230768 0.47836538461538464 0.15865384615384615 0.1778846153846154
1 0.19110576923076922 0.46033653846153844 0.15865384615384615 0.1778846153846154
1 0.13221153846153846 0.4326923076923077 0.15865384615384615 0.1778846153846154
1 0.31971153846153844 0.6959134615384616 0.16346153846153846 0.22596153846153846
1 0.9350961538461539 0.6550480769230769 0.125 0.23317307692307693
1 0.8257211538461539 0.7415865384615384 0.16346153846153846 0.22596153846153846
1 0.6670673076923077 0.6923076923076923 0.13942307692307693 0.1778846153846154
1 0.4074519230769231 0.8882211538461539 0.13942307692307693 0.1778846153846154
1 0.06610576923076923 0.6129807692307693 0.12980769230769232 0.1778846153846154
2 0.11899038461538461 0.8245192307692307 0.23076923076923078 0.2668269230769231
1 0.5829326923076923 0.49399038461538464 0.15865384615384615 0.22355769230769232
1 0.6947115384615384 0.8028846153846154 0.15865384615384615 0.22355769230769232
0 0.7295673076923077 0.9459134615384616 0.05048076923076923 0.0625