1 0.3629807692307692 0.5841346153846154 0.2403846153846154 0.20432692307692307
1 0.5132211538461539 0.7992788461538461 0.21153846153846154 0.15865384615384615
1 0.09375 0.9278846153846154 0.1875 0.13942307692307693
1 0.28966346153846156 0.8689903846153846 0.2091346153846154 0.19951923076923078
1 0.6225961538461539 0.484375 0.18509615384615385 0.15384615384615385
1 0.7548076923076923 0.5288461538461539 0.2403846153846154 0.16826923076923078
1 0.8725961538461539 0.5528846153846154 0.2403846153846154 0.16826923076923078
1 0.5528846153846154 0.2956730769230769 0.18269230769230768 0.18990384615384615
1 0.9254807692307693 0.14182692307692307 0.14423076923076922 0.18269230769230768
1 0.7512019230769231 0.21394230769230768 0.2548076923076923 0.22596153846153846
1 0.8870192307692307 0.3858173076923077 0.22115384615384615 0.17067307692307693
1 0.09375 0.09735576923076923 0.1875 0.18990384615384615
1 0.8221153846153846 0.7007211538461539 0.22596153846153846 0.1658653846153846
1 0.11298076923076923 0.43990384615384615 0.22596153846153846 0.16826923076923078
1 0.6730769230769231 0.8846153846153846 0.22596153846153846 0.1658653846153846
0 0.12620192307692307 0.578125 0.10096153846153846 0.0673076923076923
0 0.18990384615384615 0.9795673076923077 0.11057692307692307 0.036057692307692304
2 0.2932692307692308 0.2704326923076923 0.3605769230769231 0.32211538461538464