2 0.6274038461538461 0.31009615384615385 0.36538461538461536 0.30288461538461536
1 0.546875 0.1201923076923077 0.2644230769230769 0.13701923076923078
1 0.21634615384615385 0.7295673076923077 0.24759615384615385 0.1658653846153846
1 0.18028846153846154 0.9134615384615384 0.24759615384615385 0.1658653846153846
1 0.14543269230769232 0.8125 0.24759615384615385 0.1658653846153846
1 0.08173076923076923 0.44591346153846156 0.15865384615384615 0.1875
1 0.08173076923076923 0.29447115384615385 0.15865384615384615 0.1875
1 0.14182692307692307 0.2800480769230769 0.1778846153846154 0.1875
1 0.5961538461538461 0.6706730769230769 0.20192307692307693 0.1658653846153846
1 0.4963942307692308 0.8617788461538461 0.20192307692307693 0.1658653846153846
1 0.4639423076923077 0.5697115384615384 0.24519230769230768 0.21153846153846154
1 0.8149038461538461 0.9110576923076923 0.20192307692307693 0.1346153846153846
1 0.6117788461538461 0.039663461538461536 0.29086538461538464 0.07451923076923077
1 0.9074519230769231 0.24879807692307693 0.18028846153846154 0.24278846153846154
1 0.3870192307692308 0.42788461538461536 0.18269230769230768 0.13942307692307693
1 0.3076923076923077 0.33533653846153844 0.1971153846153846 0.17067307692307693
1 0.6322115384615384 0.5841346153846154 0.20192307692307693 0.1658653846153846