1 0.8930288461538461 0.4543269230769231 0.1971153846153846 0.16826923076923078
1 0.4170673076923077 0.9050480769230769 0.27163461538461536 0.18509615384615385
1 0.15985576923076922 0.8569711538461539 0.24519230769230768 0.14423076923076922
1 0.12139423076923077 0.9387019230769231 0.23798076923076922 0.11778846153846154
1 0.5685096153846154 0.6682692307692307 0.20673076923076922 0.17067307692307693
1 0.6165865384615384 0.31490384615384615 0.20673076923076922 0.17067307692307693
1 0.2247596153846154 0.1346153846153846 0.22115384615384615 0.1658653846153846
1 0.4699519230769231 0.5444711538461539 0.20192307692307693 0.15625
1 0.8461538461538461 0.8533653846153846 0.22115384615384615 0.15384615384615385
2 0.31009615384615385 0.3425480769230769 0.4326923076923077 0.32211538461538464
0 0.6899038461538461 0.02403846153846154 0.07211538461538461 0.04567307692307692
0 0.06370192307692307 0.0889423076923077 0.0889423076923077 0.055288461538461536