1 0.3161057692307692 0.31490384615384615 0.1778846153846154 0.20673076923076922
1 0.18629807692307693 0.7536057692307693 0.21153846153846154 0.23557692307692307
1 0.4362980769230769 0.8353365384615384 0.16346153846153846 0.2620192307692308
1 0.9110576923076923 0.4170673076923077 0.17307692307692307 0.25
1 0.8149038461538461 0.46875 0.1875 0.2764423076923077
1 0.6514423076923077 0.7451923076923077 0.17307692307692307 0.2548076923076923
1 0.6959134615384616 0.1875 0.1971153846153846 0.24278846153846154
1 0.546875 0.2247596153846154 0.19471153846153846 0.1971153846153846
1 0.8629807692307693 0.1141826923076923 0.21875 0.22355769230769232
1 0.32211538461538464 0.0985576923076923 0.19230769230769232 0.19230769230769232
1 0.08533653846153846 0.9050480769230769 0.16826923076923078 0.18509615384615385
1 0.8834134615384616 0.8269230769230769 0.19471153846153846 0.2548076923076923
1 0.1141826923076923 0.35216346153846156 0.15865384615384615 0.21634615384615385
1 0.051682692307692304 0.5661057692307693 0.10096153846153846 0.24519230769230768
1 0.20552884615384615 0.5420673076923077 0.25240384615384615 0.24519230769230768
2 0.5048076923076923 0.515625 0.4206730769230769 0.4519230769230769
0 0.46634615384615385 0.11298076923076923 0.06490384615384616 0.09615384615384616
0 0.7632211538461539 0.7932692307692307 0.09134615384615384 0.10576923076923077