1 0.13221153846153846 0.703125 0.1778846153846154 0.27403846153846156
1 0.5060096153846154 0.22956730769230768 0.1778846153846154 0.27403846153846156
1 0.3137019230769231 0.4483173076923077 0.22355769230769232 0.22115384615384615
1 0.7944711538461539 0.5733173076923077 0.16346153846153846 0.22115384615384615
1 0.8810096153846154 0.4266826923076923 0.16346153846153846 0.22115384615384615
1 0.7680288461538461 0.16706730769230768 0.16826923076923078 0.28846153846153844
1 0.07211538461538461 0.2824519230769231 0.14423076923076922 0.27884615384615385
1 0.14903846153846154 0.0985576923076923 0.1778846153846154 0.1971153846153846
1 0.9278846153846154 0.24158653846153846 0.13942307692307693 0.22596153846153846
1 0.9278846153846154 0.6766826923076923 0.13942307692307693 0.23798076923076922
2 0.4807692307692308 0.7536057692307693 0.38221153846153844 0.49038461538461536
0 0.2644230769230769 0.8137019230769231 0.06490384615384616 0.08173076923076923
0 0.10096153846153846 0.43028846153846156 0.08653846153846154 0.10576923076923077