2 0.31009615384615385 0.43509615384615385 0.29086538461538464 0.39903846153846156
0 0.1814903846153846 0.296875 0.06490384615384616 0.06971153846153846
0 0.6766826923076923 0.5889423076923077 0.06490384615384616 0.06971153846153846
1 0.10697115384615384 0.6009615384615384 0.18990384615384615 0.20673076923076922
1 0.08774038461538461 0.5240384615384616 0.17307692307692307 0.20673076923076922
1 0.5540865384615384 0.6478365384615384 0.17307692307692307 0.20673076923076922
1 0.640625 0.7848557692307693 0.17307692307692307 0.20673076923076922
1 0.5444711538461539 0.890625 0.19951923076923078 0.21394230769230768
1 0.8389423076923077 0.8209134615384616 0.23076923076923078 0.23317307692307693
1 0.8641826923076923 0.6141826923076923 0.18269230769230768 0.2692307692307692
1 0.9579326923076923 0.13341346153846154 0.08173076923076923 0.2620192307692308
1 0.7764423076923077 0.11658653846153846 0.22355769230769232 0.2283653846153846
1 0.5384615384615384 0.09975961538461539 0.1971153846153846 0.19471153846153846
1 0.7043269230769231 0.39903846153846156 0.17307692307692307 0.22596153846153846
1 0.08052884615384616 0.8677884615384616 0.1466346153846154 0.25961538461538464