1 0.11298076923076923 0.7956730769230769 0.18990384615384615 0.2548076923076923
1 0.5360576923076923 0.25600961538461536 0.15384615384615385 0.22115384615384615
1 0.3557692307692308 0.1346153846153846 0.19951923076923078 0.20192307692307693
1 0.6802884615384616 0.2127403846153846 0.17307692307692307 0.20673076923076922
1 0.6478365384615384 0.9074519230769231 0.17307692307692307 0.18028846153846154
1 0.6971153846153846 0.5576923076923077 0.17307692307692307 0.20673076923076922
1 0.6887019230769231 0.45552884615384615 0.17307692307692307 0.20673076923076922
1 0.8846153846153846 0.27524038461538464 0.17548076923076922 0.2764423076923077
1 0.23677884615384615 0.16947115384615385 0.15144230769230768 0.2283653846153846
1 0.35336538461538464 0.8449519230769231 0.15144230769230768 0.22596153846153846
1 0.7788461538461539 0.7728365384615384 0.18509615384615385 0.22355769230769232
0 0.5733173076923077 0.7007211538461539 0.057692307692307696 0.0673076923076923
0 0.5048076923076923 0.8257211538461539 0.057692307692307696 0.08173076923076923
0 0.13341346153846154 0.23557692307692307 0.0673076923076923 0.08653846153846154
2 0.265625 0.5168269230769231 0.36538461538461536 0.49759615384615385