2 0.5949519230769231 0.29927884615384615 0.2932692307692308 0.24278846153846154
2 0.12259615384615384 0.5769230769230769 0.2403846153846154 0.25721153846153844
1 0.10096153846153846 0.3112980769230769 0.1971153846153846 0.1778846153846154
1 0.14543269230769232 0.1310096153846154 0.22115384615384615 0.1778846153846154
1 0.22956730769230768 0.19110576923076922 0.22115384615384615 0.1778846153846154
1 0.609375 0.6129807692307693 0.22115384615384615 0.1778846153846154
1 0.43509615384615385 0.7331730769230769 0.2283653846153846 0.20192307692307693
1 0.08653846153846154 0.9206730769230769 0.16826923076923078 0.15384615384615385
1 0.24639423076923078 0.9519230769230769 0.19471153846153846 0.09375
1 0.390625 0.9230769230769231 0.20192307692307693 0.15144230769230768
1 0.5348557692307693 0.9146634615384616 0.20192307692307693 0.16826923076923078
1 0.7944711538461539 0.9326923076923077 0.27884615384615385 0.13221153846153846
1 0.9495192307692307 0.8485576923076923 0.09615384615384616 0.24519230769230768
0 0.15264423076923078 0.41947115384615385 0.10096153846153846 0.09615384615384616
0 0.45913461538461536 0.1814903846153846 0.09615384615384616 0.06490384615384616
0 0.7740384615384616 0.5757211538461539 0.09615384615384616 0.06490384615384616
0 0.8185096153846154 0.6887019230769231 0.09615384615384616 0.06490384615384616
1 0.47836538461538464 0.5612980769230769 0.22115384615384615 0.1778846153846154
1 0.3581730769230769 0.47596153846153844 0.22115384615384615 0.1778846153846154
1 0.9194711538461539 0.10576923076923077 0.15625 0.1971153846153846
1 0.8112980769230769 0.06129807692307692 0.22355769230769232 0.11778846153846154
1 0.8173076923076923 0.13701923076923078 0.21634615384615385 0.15384615384615385
1 0.36899038461538464 0.06370192307692307 0.2860576923076923 0.12259615384615384
1 0.5432692307692307 0.7259615384615384 0.17307692307692307 0.14423076923076922