1 0.28846153846153844 0.3641826923076923 0.17307692307692307 0.21634615384615385
1 0.28846153846153844 0.23317307692307693 0.17307692307692307 0.21634615384615385
1 0.07451923076923077 0.49278846153846156 0.1466346153846154 0.22115384615384615
1 0.40024038461538464 0.9122596153846154 0.18028846153846154 0.17067307692307693
1 0.8473557692307693 0.8161057692307693 0.17307692307692307 0.25
1 0.20192307692307693 0.9026442307692307 0.1778846153846154 0.18990384615384615
1 0.21875 0.5805288461538461 0.17307692307692307 0.2403846153846154
1 0.5348557692307693 0.5444711538461539 0.17307692307692307 0.21634615384615385
1 0.953125 0.6526442307692307 0.0889423076923077 0.2283653846153846
1 0.45552884615384615 0.10576923076923077 0.16826923076923078 0.20673076923076922
1 0.4110576923076923 0.7055288461538461 0.16826923076923078 0.22596153846153846
2 0.7512019230769231 0.1778846153846154 0.27403846153846156 0.3076923076923077
0 0.7235576923076923 0.7560096153846154 0.06009615384615385 0.08173076923076923
0 0.02283653846153846 0.0889423076923077 0.04326923076923077 0.09375