2 0.47115384615384615 0.546875 0.4519230769230769 0.34134615384615385
1 0.7608173076923077 0.3016826923076923 0.22596153846153846 0.17307692307692307
1 0.875 0.23197115384615385 0.22596153846153846 0.17307692307692307
1 0.7932692307692307 0.06850961538461539 0.2283653846153846 0.1346153846153846
1 0.5564903846153846 0.22355769230769232 0.22115384615384615 0.21153846153846154
1 0.33653846153846156 0.265625 0.22115384615384615 0.21153846153846154
1 0.328125 0.8317307692307693 0.22115384615384615 0.21153846153846154
1 0.2980769230769231 0.9122596153846154 0.20192307692307693 0.17307692307692307
1 0.5492788461538461 0.9146634615384616 0.24278846153846154 0.16826923076923078
1 0.7764423076923077 0.8161057692307693 0.2403846153846154 0.17548076923076922
1 0.7800480769230769 0.6177884615384616 0.2403846153846154 0.1971153846153846
1 0.796875 0.4963942307692308 0.2403846153846154 0.1971153846153846
1 0.9110576923076923 0.5096153846153846 0.17307692307692307 0.1971153846153846
1 0.328125 0.10096153846153846 0.21153846153846154 0.17548076923076922
1 0.09014423076923077 0.921875 0.1778846153846154 0.15384615384615385
0 0.0625 0.7067307692307693 0.08173076923076923 0.07211538461538461
0 0.13581730769230768 0.8028846153846154 0.08173076923076923 0.07211538461538461
0 0.4735576923076923 0.10576923076923077 0.08173076923076923 0.07211538461538461