1 0.8786057692307693 0.14543269230769232 0.17548076923076922 0.25961538461538464
1 0.9399038461538461 0.3004807692307692 0.11538461538461539 0.21153846153846154
1 0.8798076923076923 0.4951923076923077 0.19230769230769232 0.25240384615384615
1 0.24639423076923078 0.45552884615384615 0.1658653846153846 0.23076923076923078
1 0.5516826923076923 0.12379807692307693 0.13942307692307693 0.23557692307692307
1 0.6213942307692307 0.12139423076923077 0.1658653846153846 0.23076923076923078
1 0.16826923076923078 0.8353365384615384 0.19230769230769232 0.2692307692307692
1 0.8137019230769231 0.9242788461538461 0.19230769230769232 0.14903846153846154
1 0.15745192307692307 0.10697115384615384 0.16826923076923078 0.21153846153846154
1 0.25961538461538464 0.171875 0.15384615384615385 0.1778846153846154
1 0.6081730769230769 0.3581730769230769 0.16346153846153846 0.22115384615384615
2 0.41586538461538464 0.6634615384615384 0.3269230769230769 0.4519230769230769
0 0.8485576923076923 0.7043269230769231 0.052884615384615384 0.09134615384615384