1 0.8810096153846154 0.2824519230769231 0.23317307692307693 0.18990384615384615
1 0.31971153846153844 0.7019230769230769 0.24519230769230768 0.18509615384615385
1 0.31971153846153844 0.5324519230769231 0.24519230769230768 0.18269230769230768
1 0.18028846153846154 0.36899038461538464 0.25 0.21394230769230768
1 0.2800480769230769 0.1935096153846154 0.2403846153846154 0.14903846153846154
1 0.7475961538461539 0.8605769230769231 0.20673076923076922 0.18028846153846154
1 0.9338942307692307 0.4675480769230769 0.12740384615384615 0.15144230769230768
1 0.6382211538461539 0.2848557692307692 0.24519230769230768 0.18269230769230768
1 0.5516826923076923 0.9447115384615384 0.24759615384615385 0.10576923076923077
0 0.078125 0.8882211538461539 0.12980769230769232 0.10817307692307693
0 0.10576923076923077 0.6610576923076923 0.08653846153846154 0.0625
0 0.5889423076923077 0.8485576923076923 0.11538461538461539 0.07211538461538461
0 0.7079326923076923 0.020432692307692308 0.10576923076923077 0.038461538461538464
2 0.7439903846153846 0.6274038461538461 0.4326923076923077 0.31971153846153844