1 0.47836538461538464 0.6550480769230769 0.2548076923076923 0.1778846153846154
1 0.11177884615384616 0.6766826923076923 0.21875 0.17548076923076922
1 0.47115384615384615 0.4675480769230769 0.30288461538461536 0.20192307692307693
1 0.4951923076923077 0.84375 0.21153846153846154 0.16826923076923078
1 0.27283653846153844 0.7872596153846154 0.21153846153846154 0.15144230769230768
1 0.13221153846153846 0.296875 0.20432692307692307 0.16346153846153846
1 0.6586538461538461 0.15384615384615385 0.19230769230769232 0.18990384615384615
1 0.5769230769230769 0.32572115384615385 0.17067307692307693 0.14423076923076922
1 0.7223557692307693 0.33413461538461536 0.24759615384615385 0.14903846153846154
1 0.5649038461538461 0.9567307692307693 0.30528846153846156 0.08413461538461539
1 0.3629807692307692 0.22235576923076922 0.27403846153846156 0.1875
2 0.7800480769230769 0.5492788461538461 0.4375 0.3557692307692308