2 0.5252403846153846 0.1622596153846154 0.28365384615384615 0.3245192307692308
1 0.40865384615384615 0.46033653846153844 0.14903846153846154 0.20432692307692307
1 0.5841346153846154 0.7091346153846154 0.1658653846153846 0.21634615384615385
1 0.38341346153846156 0.7475961538461539 0.1658653846153846 0.21634615384615385
1 0.07451923076923077 0.7151442307692307 0.14903846153846154 0.2644230769230769
1 0.28966346153846156 0.3641826923076923 0.17307692307692307 0.2644230769230769
1 0.04447115384615385 0.3173076923076923 0.0889423076923077 0.25721153846153844
1 0.054086538461538464 0.4699519230769231 0.10817307692307693 0.1875
1 0.18269230769230768 0.59375 0.13221153846153846 0.1875
1 0.2764423076923077 0.9266826923076923 0.18990384615384615 0.14182692307692307
1 0.3245192307692308 0.5612980769230769 0.1658653846153846 0.21634615384615385
1 0.24759615384615385 0.06370192307692307 0.16346153846153846 0.125
1 0.3485576923076923 0.055288461538461536 0.12980769230769232 0.11057692307692307
1 0.6802884615384616 0.44350961538461536 0.16826923076923078 0.21153846153846154
1 0.734375 0.47475961538461536 0.10336538461538461 0.15384615384615385
1 0.9302884615384616 0.4795673076923077 0.1346153846153846 0.22596153846153846
1 0.9014423076923077 0.5793269230769231 0.13942307692307693 0.22355769230769232
1 0.9302884615384616 0.8762019230769231 0.1346153846153846 0.24278846153846154
1 0.9302884615384616 0.10216346153846154 0.1346153846153846 0.20432692307692307
1 0.8149038461538461 0.24519230769230768 0.19471153846153846 0.28365384615384615
1 0.6862980769230769 0.2536057692307692 0.1875 0.22596153846153846
1 0.5 0.8137019230769231 0.1971153846153846 0.2620192307692308