1 0.9170673076923077 0.49278846153846156 0.16105769230769232 0.20673076923076922
1 0.71875 0.7331730769230769 0.18028846153846154 0.2403846153846154
1 0.875 0.6778846153846154 0.14182692307692307 0.31490384615384615
1 0.3545673076923077 0.6165865384615384 0.19951923076923078 0.23557692307692307
1 0.5144230769230769 0.7536057692307693 0.18269230769230768 0.1875
1 0.5540865384615384 0.4723557692307692 0.14903846153846154 0.3076923076923077
1 0.421875 0.40625 0.18028846153846154 0.2403846153846154
1 0.08533653846153846 0.6189903846153846 0.16826923076923078 0.24278846153846154
1 0.0829326923076923 0.27283653846153844 0.16346153846153846 0.24278846153846154
1 0.5264423076923077 0.9182692307692307 0.20192307692307693 0.15865384615384615
1 0.7163461538461539 0.484375 0.2091346153846154 0.19230769230769232
1 0.8521634615384616 0.19471153846153846 0.20673076923076922 0.23557692307692307
1 0.27884615384615385 0.4987980769230769 0.14903846153846154 0.1875
1 0.16105769230769232 0.036057692307692304 0.14903846153846154 0.07211538461538461
1 0.3449519230769231 0.8581730769230769 0.16346153846153846 0.27884615384615385
0 0.1778846153846154 0.10576923076923077 0.08173076923076923 0.09134615384615384
2 0.5276442307692307 0.171875 0.37740384615384615 0.34375