1 0.8557692307692307 0.765625 0.16826923076923078 0.30288461538461536
1 0.3269230769230769 0.9098557692307693 0.1971153846153846 0.17548076923076922
1 0.5685096153846154 0.8834134615384616 0.20432692307692307 0.2283653846153846
1 0.13221153846153846 0.6081730769230769 0.19951923076923078 0.23317307692307693
1 0.6550480769230769 0.24879807692307693 0.19951923076923078 0.23317307692307693
1 0.7908653846153846 0.0733173076923077 0.19951923076923078 0.14182692307692307
1 0.43509615384615385 0.11298076923076923 0.18509615384615385 0.22115384615384615
1 0.8774038461538461 0.3016826923076923 0.1778846153846154 0.19471153846153846
1 0.6814903846153846 0.7175480769230769 0.18269230769230768 0.2403846153846154
1 0.7512019230769231 0.49399038461538464 0.23798076923076922 0.27884615384615385
1 0.17427884615384615 0.06129807692307692 0.18509615384615385 0.1201923076923077
1 0.057692307692307696 0.43990384615384615 0.11298076923076923 0.23798076923076922
2 0.44591346153846156 0.4579326923076923 0.3557692307692308 0.46634615384615385
0 0.8990384615384616 0.9350961538461539 0.0625 0.08653846153846154