1 0.875 0.7560096153846154 0.1875 0.15384615384615385
1 0.7980769230769231 0.5036057692307693 0.21394230769230768 0.17307692307692307
1 0.7307692307692307 0.2620192307692308 0.18269230769230768 0.17307692307692307
1 0.7463942307692307 0.06490384615384616 0.28125 0.125
1 0.5685096153846154 0.8569711538461539 0.28365384615384615 0.18990384615384615
1 0.578125 0.5240384615384616 0.21394230769230768 0.17307692307692307
1 0.5697115384615384 0.40625 0.21394230769230768 0.15144230769230768
1 0.22115384615384615 0.49038461538461536 0.21394230769230768 0.17307692307692307
1 0.3545673076923077 0.578125 0.22115384615384615 0.18990384615384615
1 0.4543269230769231 0.6875 0.22115384615384615 0.18990384615384615
1 0.25961538461538464 0.8786057692307693 0.22115384615384615 0.18990384615384615
1 0.5492788461538461 0.23076923076923078 0.20192307692307693 0.15865384615384615
1 0.5276442307692307 0.15745192307692307 0.20192307692307693 0.15865384615384615
1 0.3269230769230769 0.22716346153846154 0.2091346153846154 0.19230769230769232
1 0.11778846153846154 0.36177884615384615 0.2091346153846154 0.19230769230769232
1 0.9086538461538461 0.3389423076923077 0.1778846153846154 0.2403846153846154
1 0.24759615384615385 0.7223557692307693 0.1875 0.15625
1 0.13581730769230768 0.7007211538461539 0.1875 0.15625
2 0.09615384615384616 0.16105769230769232 0.1875 0.3173076923076923