2 0.37259615384615385 0.41466346153846156 0.27884615384615385 0.33653846153846156
1 0.28125 0.7992788461538461 0.18990384615384615 0.24519230769230768
1 0.578125 0.36658653846153844 0.14903846153846154 0.2548076923076923
1 0.7752403846153846 0.8076923076923077 0.14423076923076922 0.23798076923076922
1 0.7391826923076923 0.8798076923076923 0.1466346153846154 0.23557692307692307
1 0.4483173076923077 0.8197115384615384 0.18269230769230768 0.24519230769230768
1 0.7788461538461539 0.2704326923076923 0.15865384615384615 0.16346153846153846
1 0.9447115384615384 0.7271634615384616 0.10576923076923077 0.2403846153846154
1 0.9074519230769231 0.2536057692307692 0.1778846153846154 0.22115384615384615
1 0.6129807692307693 0.5817307692307693 0.18269230769230768 0.24759615384615385
1 0.7932692307692307 0.5985576923076923 0.18269230769230768 0.24759615384615385
1 0.17307692307692307 0.45072115384615385 0.14903846153846154 0.2548076923076923
0 0.17307692307692307 0.7247596153846154 0.05048076923076923 0.07932692307692307