1 0.13221153846153846 0.4723557692307692 0.20673076923076922 0.22596153846153846
1 0.2932692307692308 0.4387019230769231 0.19951923076923078 0.15384615384615385
1 0.1622596153846154 0.1935096153846154 0.21634615384615385 0.19230769230769232
1 0.7980769230769231 0.33052884615384615 0.21634615384615385 0.16826923076923078
1 0.734375 0.5456730769230769 0.1971153846153846 0.17307692307692307
1 0.5697115384615384 0.5036057692307693 0.1875 0.15625
1 0.8413461538461539 0.6971153846153846 0.24759615384615385 0.21153846153846154
1 0.9050480769230769 0.21754807692307693 0.18509615384615385 0.15625
1 0.9002403846153846 0.125 0.19471153846153846 0.19230769230769232
1 0.41947115384615385 0.2920673076923077 0.2548076923076923 0.2403846153846154
1 0.6057692307692307 0.3137019230769231 0.20432692307692307 0.18269230769230768
1 0.17307692307692307 0.7175480769230769 0.2764423076923077 0.18990384615384615
1 0.5216346153846154 0.09495192307692307 0.23076923076923078 0.17067307692307693
2 0.30408653846153844 0.8954326923076923 0.46875 0.20432692307692307