1 0.8088942307692307 0.8449519230769231 0.20192307692307693 0.22596153846153846
1 0.5276442307692307 0.4483173076923077 0.1875 0.17307692307692307
1 0.6262019230769231 0.6574519230769231 0.16826923076923078 0.23076923076923078
1 0.6778846153846154 0.3112980769230769 0.19230769230769232 0.23557692307692307
1 0.7007211538461539 0.08533653846153846 0.19230769230769232 0.17067307692307693
1 0.1346153846153846 0.890625 0.19951923076923078 0.21394230769230768
1 0.08052884615384616 0.6778846153846154 0.15625 0.21153846153846154
1 0.10096153846153846 0.16706730769230768 0.1971153846153846 0.2283653846153846
1 0.234375 0.06490384615384616 0.18509615384615385 0.125
1 0.41466346153846156 0.06490384615384616 0.18509615384615385 0.125
1 0.8990384615384616 0.24759615384615385 0.17548076923076922 0.23076923076923078
1 0.59375 0.7451923076923077 0.17548076923076922 0.23076923076923078
1 0.3485576923076923 0.8209134615384616 0.16826923076923078 0.1875
1 0.38341346153846156 0.20432692307692307 0.20673076923076922 0.2692307692307692
1 0.9519230769230769 0.37259615384615385 0.09134615384615384 0.21634615384615385
1 0.07211538461538461 0.36538461538461536 0.14423076923076922 0.20673076923076922
0 0.484375 0.8834134615384616 0.09134615384615384 0.10576923076923077
0 0.9014423076923077 0.5192307692307693 0.10336538461538461 0.13942307692307693
2 0.24639423076923078 0.5132211538461539 0.34615384615384615 0.4375