2 0.45552884615384615 0.3088942307692308 0.45913461538461536 0.31490384615384615
1 0.48677884615384615 0.6346153846153846 0.16826923076923078 0.14423076923076922
1 0.41346153846153844 0.71875 0.16826923076923078 0.14423076923076922
1 0.2932692307692308 0.7884615384615384 0.16826923076923078 0.14423076923076922
1 0.38100961538461536 0.7932692307692307 0.21153846153846154 0.14423076923076922
1 0.40384615384615385 0.8473557692307693 0.1658653846153846 0.11538461538461539
1 0.5805288461538461 0.8293269230769231 0.2091346153846154 0.17307692307692307
1 0.7319711538461539 0.08413461538461539 0.24759615384615385 0.16346153846153846
1 0.10697115384615384 0.40625 0.21394230769230768 0.15144230769230768
1 0.18509615384615385 0.6021634615384616 0.22355769230769232 0.14903846153846154
1 0.2439903846153846 0.5817307692307693 0.2283653846153846 0.1875
1 0.23918269230769232 0.4675480769230769 0.1971153846153846 0.15144230769230768
1 0.7079326923076923 0.703125 0.22115384615384615 0.15144230769230768
1 0.8076923076923077 0.37259615384615385 0.22115384615384615 0.15144230769230768
1 0.8846153846153846 0.21394230769230768 0.22596153846153846 0.20192307692307693
1 0.11177884615384616 0.23197115384615385 0.22355769230769232 0.17548076923076922
0 0.34615384615384615 0.14302884615384615 0.09134615384615384 0.06009615384615385
1 0.9350961538461539 0.4735576923076923 0.125 0.14903846153846154
1 0.24759615384615385 0.06490384615384616 0.22355769230769232 0.12980769230769232