1 0.8088942307692307 0.9074519230769231 0.22355769230769232 0.18028846153846154
1 0.5913461538461539 0.9122596153846154 0.20673076923076922 0.17307692307692307
1 0.390625 0.7920673076923077 0.2283653846153846 0.18509615384615385
1 0.22956730769230768 0.9038461538461539 0.21875 0.1875
1 0.19230769230769232 0.6959134615384616 0.1875 0.18990384615384615
1 0.19110576923076922 0.5408653846153846 0.21153846153846154 0.19471153846153846
1 0.16826923076923078 0.3473557692307692 0.24519230769230768 0.1778846153846154
1 0.1875 0.21754807692307693 0.1875 0.16826923076923078
1 0.39903846153846156 0.20192307692307693 0.2403846153846154 0.16826923076923078
1 0.5084134615384616 0.11177884615384616 0.17307692307692307 0.20673076923076922
1 0.6959134615384616 0.14543269230769232 0.18269230769230768 0.20673076923076922
1 0.8581730769230769 0.4098557692307692 0.21634615384615385 0.18509615384615385
1 0.9026442307692307 0.13822115384615385 0.18990384615384615 0.19471153846153846
1 0.7367788461538461 0.6514423076923077 0.2980769230769231 0.20432692307692307
2 0.5432692307692307 0.4519230769230769 0.49038461538461536 0.37740384615384615