2 0.7548076923076923 0.24639423076923078 0.25 0.18990384615384615
1 0.34134615384615385 0.6298076923076923 0.25 0.16346153846153846
1 0.27403846153846156 0.4963942307692308 0.19230769230769232 0.16346153846153846
1 0.4567307692307692 0.5288461538461539 0.19230769230769232 0.16346153846153846
1 0.5072115384615384 0.5024038461538461 0.19230769230769232 0.16346153846153846
1 0.3954326923076923 0.08533653846153846 0.25961538461538464 0.16826923076923078
1 0.5060096153846154 0.06610576923076923 0.22596153846153846 0.12980769230769232
1 0.5564903846153846 0.18028846153846154 0.22115384615384615 0.13942307692307693
1 0.4951923076923077 0.22956730769230768 0.22115384615384615 0.13942307692307693
1 0.47596153846153844 0.28966346153846156 0.22115384615384615 0.13942307692307693
1 0.43149038461538464 0.36538461538461536 0.22115384615384615 0.13942307692307693
1 0.17067307692307693 0.11538461538461539 0.22115384615384615 0.13942307692307693
1 0.15625 0.18028846153846154 0.22115384615384615 0.13942307692307693
1 0.13221153846153846 0.3233173076923077 0.22115384615384615 0.13942307692307693
1 0.8930288461538461 0.7884615384615384 0.1875 0.13942307692307693
1 0.7620192307692307 0.9182692307692307 0.1875 0.13942307692307693
1 0.24519230769230768 0.9134615384615384 0.1875 0.13942307692307693
1 0.3858173076923077 0.9074519230769231 0.21634615384615385 0.15865384615384615
1 0.46033653846153844 0.8701923076923077 0.21634615384615385 0.15865384615384615
1 0.08173076923076923 0.8545673076923077 0.15865384615384615 0.16105769230769232
1 0.09735576923076923 0.7512019230769231 0.16105769230769232 0.15625
1 0.13581730769230768 0.7307692307692307 0.16105769230769232 0.15625
1 0.8112980769230769 0.07451923076923077 0.22596153846153846 0.14423076923076922
1 0.9555288461538461 0.4098557692307692 0.08653846153846154 0.14903846153846154
1 0.7475961538461539 0.6358173076923077 0.22596153846153846 0.18028846153846154
1 0.6117788461538461 0.6899038461538461 0.22596153846153846 0.1778846153846154
1 0.5757211538461539 0.7692307692307693 0.22596153846153846 0.1778846153846154
0 0.27283653846153844 0.7668269230769231 0.09615384615384616 0.0673076923076923
0 0.16346153846153846 0.4050480769230769 0.08173076923076923 0.052884615384615384
1 0.6189903846153846 0.921875 0.21394230769230768 0.15144230769230768