1 0.2247596153846154 0.5012019230769231 0.16346153846153846 0.20192307692307693
1 0.3485576923076923 0.45913461538461536 0.16346153846153846 0.20192307692307693
1 0.8677884615384616 0.7151442307692307 0.16346153846153846 0.21875
1 0.9326923076923077 0.36778846153846156 0.12980769230769232 0.22115384615384615
1 0.8197115384615384 0.8954326923076923 0.19471153846153846 0.20192307692307693
1 0.6009615384615384 0.27524038461538464 0.19230769230769232 0.21634615384615385
1 0.9603365384615384 0.8377403846153846 0.07692307692307693 0.28125
2 0.3137019230769231 0.7788461538461539 0.40865384615384615 0.4375
0 0.5552884615384616 0.39663461538461536 0.0673076923076923 0.0673076923076923
0 0.5721153846153846 0.46634615384615385 0.057692307692307696 0.0889423076923077
0 0.625 0.45913461538461536 0.06009615384615385 0.07692307692307693
0 0.46033653846153844 0.6394230769230769 0.0673076923076923 0.07692307692307693