1 0.33052884615384615 0.6826923076923077 0.1971153846153846 0.1778846153846154
1 0.5528846153846154 0.7728365384615384 0.24759615384615385 0.1875
1 0.6887019230769231 0.6262019230769231 0.22596153846153846 0.17067307692307693
1 0.5913461538461539 0.5204326923076923 0.1971153846153846 0.16346153846153846
1 0.9014423076923077 0.6177884615384616 0.19230769230769232 0.16826923076923078
1 0.1045673076923077 0.6418269230769231 0.20673076923076922 0.17548076923076922
1 0.07572115384615384 0.42788461538461536 0.1466346153846154 0.17307692307692307
1 0.8882211538461539 0.7884615384615384 0.22115384615384615 0.1778846153846154
1 0.1875 0.9266826923076923 0.23076923076923078 0.14423076923076922
1 0.7584134615384616 0.3401442307692308 0.22596153846153846 0.1466346153846154
1 0.7379807692307693 0.15384615384615385 0.22596153846153846 0.1466346153846154
1 0.6262019230769231 0.08413461538461539 0.22596153846153846 0.1466346153846154
2 0.3425480769230769 0.21754807692307693 0.3870192307692308 0.3557692307692308