1 0.33774038461538464 0.49759615384615385 0.15865384615384615 0.21153846153846154
1 0.6418269230769231 0.5408653846153846 0.15865384615384615 0.21153846153846154
1 0.7331730769230769 0.5757211538461539 0.15865384615384615 0.21394230769230768
1 0.6598557692307693 0.8221153846153846 0.1778846153846154 0.24519230769230768
1 0.4567307692307692 0.6670673076923077 0.1778846153846154 0.24519230769230768
1 0.31971153846153844 0.875 0.17067307692307693 0.21153846153846154
1 0.15384615384615385 0.9266826923076923 0.19471153846153846 0.14423076923076922
1 0.27884615384615385 0.14543269230769232 0.20673076923076922 0.28846153846153844
1 0.06971153846153846 0.6935096153846154 0.1346153846153846 0.21875
1 0.8918269230769231 0.4387019230769231 0.15865384615384615 0.21153846153846154
1 0.5745192307692307 0.9146634615384616 0.14423076923076922 0.16826923076923078
1 0.14543269230769232 0.5625 0.17067307692307693 0.1875
1 0.08533653846153846 0.3473557692307692 0.1658653846153846 0.2091346153846154
1 0.11538461538461539 0.06610576923076923 0.18269230769230768 0.12740384615384615
2 0.47836538461538464 0.27403846153846156 0.27403846153846156 0.28846153846153844