1 0.19591346153846154 0.6081730769230769 0.20432692307692307 0.16346153846153846
1 0.12379807692307693 0.9314903846153846 0.2091346153846154 0.13221153846153846
1 0.6826923076923077 0.45913461538461536 0.16826923076923078 0.23557692307692307
1 0.39663461538461536 0.6418269230769231 0.16826923076923078 0.1971153846153846
1 0.8605769230769231 0.5348557692307693 0.1875 0.1875
1 0.8822115384615384 0.8197115384615384 0.21394230769230768 0.16346153846153846
1 0.36538461538461536 0.4423076923076923 0.22115384615384615 0.16826923076923078
1 0.4375 0.29086538461538464 0.21153846153846154 0.18269230769230768
1 0.25721153846153844 0.25240384615384615 0.21634615384615385 0.18990384615384615
1 0.6706730769230769 0.09495192307692307 0.23317307692307693 0.17307692307692307
1 0.4987980769230769 0.10576923076923077 0.23317307692307693 0.14423076923076922
1 0.0733173076923077 0.40625 0.14423076923076922 0.15865384615384615
0 0.11057692307692307 0.15985576923076922 0.08653846153846154 0.07211538461538461
0 0.34375 0.021634615384615384 0.06490384615384616 0.040865384615384616
2 0.6033653846153846 0.8677884615384616 0.4182692307692308 0.25961538461538464
0 0.9459134615384616 0.96875 0.0625 0.057692307692307696