1 0.6586538461538461 0.11298076923076923 0.24519230769230768 0.18990384615384615
1 0.41466346153846156 0.11658653846153846 0.24519230769230768 0.18990384615384615
1 0.17668269230769232 0.9146634615384616 0.25721153846153844 0.1658653846153846
1 0.203125 0.18990384615384615 0.20673076923076922 0.16826923076923078
1 0.7884615384615384 0.5492788461538461 0.20673076923076922 0.16826923076923078
1 0.9338942307692307 0.9399038461538461 0.12740384615384615 0.11538461538461539
1 0.3293269230769231 0.3942307692307692 0.16826923076923078 0.16826923076923078
1 0.3485576923076923 0.6935096153846154 0.16826923076923078 0.16826923076923078
1 0.6045673076923077 0.5625 0.16826923076923078 0.16826923076923078
1 0.9206730769230769 0.36658653846153844 0.15384615384615385 0.17067307692307693
1 0.14302884615384615 0.6213942307692307 0.19230769230769232 0.16826923076923078
1 0.6911057692307693 0.8016826923076923 0.19230769230769232 0.16826923076923078
1 0.6634615384615384 0.2644230769230769 0.23317307692307693 0.1778846153846154
1 0.10697115384615384 0.3173076923076923 0.2091346153846154 0.1971153846153846
1 0.3173076923076923 0.5745192307692307 0.15865384615384615 0.125
2 0.44591346153846156 0.9038461538461539 0.2620192307692308 0.1875
0 0.3293269230769231 0.11177884615384616 0.057692307692307696 0.04326923076923077