1 0.41586538461538464 0.10697115384615384 0.19471153846153846 0.20432692307692307
1 0.8846153846153846 0.28125 0.20432692307692307 0.22596153846153846
1 0.8870192307692307 0.5192307692307693 0.1778846153846154 0.20673076923076922
1 0.765625 0.5192307692307693 0.19471153846153846 0.28365384615384615
1 0.6069711538461539 0.5625 0.0889423076923077 0.3004807692307692
1 0.5540865384615384 0.6814903846153846 0.16826923076923078 0.23798076923076922
1 0.8798076923076923 0.8629807692307693 0.1778846153846154 0.2403846153846154
1 0.39302884615384615 0.33653846153846156 0.25 0.20673076923076922
1 0.10336538461538461 0.40024038461538464 0.1778846153846154 0.27163461538461536
1 0.6129807692307693 0.9326923076923077 0.21634615384615385 0.12980769230769232
1 0.7247596153846154 0.8004807692307693 0.14423076923076922 0.2548076923076923
1 0.7463942307692307 0.11298076923076923 0.1971153846153846 0.22596153846153846
2 0.2764423076923077 0.6478365384615384 0.5480769230769231 0.5649038461538461