1 0.09975961538461539 0.5673076923076923 0.18028846153846154 0.2091346153846154
1 0.07091346153846154 0.8533653846153846 0.14182692307692307 0.21634615384615385
1 0.09254807692307693 0.16346153846153846 0.18269230769230768 0.21634615384615385
1 0.23076923076923078 0.23677884615384615 0.18269230769230768 0.21634615384615385
1 0.3125 0.38341346153846156 0.1875 0.2644230769230769
1 0.44471153846153844 0.1814903846153846 0.15865384615384615 0.20673076923076922
1 0.6165865384615384 0.30408653846153844 0.16826923076923078 0.1971153846153846
1 0.5985576923076923 0.7908653846153846 0.19951923076923078 0.2403846153846154
1 0.34615384615384615 0.90625 0.21634615384615385 0.18269230769230768
1 0.3245192307692308 0.6971153846153846 0.1778846153846154 0.20192307692307693
1 0.36658653846153844 0.6213942307692307 0.1466346153846154 0.16826923076923078
1 0.71875 0.9326923076923077 0.25 0.12980769230769232
1 0.9074519230769231 0.46875 0.18269230769230768 0.1778846153846154
1 0.796875 0.6814903846153846 0.1346153846153846 0.18028846153846154
1 0.8737980769230769 0.7163461538461539 0.15384615384615385 0.23317307692307693
2 0.8653846153846154 0.20552884615384615 0.2668269230769231 0.40384615384615385
0 0.6923076923076923 0.4579326923076923 0.11298076923076923 0.15865384615384615
0 0.10817307692307693 0.7439903846153846 0.07211538461538461 0.09615384615384616
0 0.18629807692307693 0.9399038461538461 0.08653846153846154 0.08653846153846154