1 0.4879807692307692 0.1346153846153846 0.22115384615384615 0.20432692307692307
1 0.4543269230769231 0.29086538461538464 0.14903846153846154 0.19471153846153846
1 0.21394230769230768 0.16346153846153846 0.18990384615384615 0.21153846153846154
1 0.3485576923076923 0.7848557692307693 0.1658653846153846 0.21153846153846154
1 0.5588942307692307 0.7235576923076923 0.17067307692307693 0.19230769230769232
1 0.5180288461538461 0.5625 0.15384615384615385 0.18509615384615385
1 0.7079326923076923 0.8269230769230769 0.20673076923076922 0.24278846153846154
1 0.23798076923076922 0.8990384615384616 0.15384615384615385 0.1971153846153846
1 0.14783653846153846 0.8930288461538461 0.18990384615384615 0.2091346153846154
1 0.31009615384615385 0.41466346153846156 0.23557692307692307 0.25240384615384615
1 0.3317307692307692 0.5973557692307693 0.18028846153846154 0.19951923076923078
1 0.7271634615384616 0.17427884615384615 0.18509615384615385 0.27163461538461536
1 0.11778846153846154 0.5144230769230769 0.16826923076923078 0.22596153846153846
2 0.8990384615384616 0.3016826923076923 0.1971153846153846 0.45913461538461536