1 0.45072115384615385 0.8725961538461539 0.20432692307692307 0.17548076923076922
1 0.17067307692307693 0.9110576923076923 0.20673076923076922 0.15625
1 0.8473557692307693 0.8786057692307693 0.21153846153846154 0.18028846153846154
1 0.7740384615384616 0.7439903846153846 0.21153846153846154 0.1778846153846154
1 0.6310096153846154 0.6634615384615384 0.25721153846153844 0.18269230769230768
1 0.828125 0.5348557692307693 0.20192307692307693 0.15384615384615385
1 0.7079326923076923 0.36658653846153844 0.19230769230769232 0.16346153846153846
1 0.23197115384615385 0.38461538461538464 0.23557692307692307 0.19471153846153846
1 0.1045673076923077 0.6322115384615384 0.20673076923076922 0.2091346153846154
1 0.3245192307692308 0.6526442307692307 0.1971153846153846 0.17307692307692307
1 0.39783653846153844 0.6117788461538461 0.1658653846153846 0.14423076923076922
1 0.078125 0.26802884615384615 0.15384615384615385 0.2403846153846154
1 0.5480769230769231 0.08653846153846154 0.17307692307692307 0.16826923076923078
1 0.3389423076923077 0.19110576923076922 0.1778846153846154 0.13221153846153846
1 0.30528846153846156 0.11538461538461539 0.22596153846153846 0.15144230769230768
2 0.8028846153846154 0.12740384615384615 0.3894230769230769 0.25240384615384615
0 0.5588942307692307 0.2932692307692308 0.15384615384615385 0.11057692307692307
0 0.27884615384615385 0.8629807692307693 0.09375 0.07211538461538461
0 0.08653846153846154 0.7872596153846154 0.08173076923076923 0.08173076923076923