1 0.6826923076923077 0.09014423076923077 0.17307692307692307 0.18028846153846154
1 0.8425480769230769 0.14783653846153846 0.17307692307692307 0.20673076923076922
1 0.5036057692307693 0.2848557692307692 0.19471153846153846 0.25
1 0.32211538461538464 0.06971153846153846 0.16346153846153846 0.13942307692307693
1 0.10096153846153846 0.5721153846153846 0.19951923076923078 0.23317307692307693
1 0.5576923076923077 0.8870192307692307 0.14903846153846154 0.22115384615384615
1 0.25 0.20192307692307693 0.18269230769230768 0.21875
1 0.6370192307692307 0.4963942307692308 0.18269230769230768 0.21875
1 0.8161057692307693 0.5697115384615384 0.18269230769230768 0.21875
1 0.35216346153846156 0.9302884615384616 0.20673076923076922 0.1346153846153846
1 0.06610576923076923 0.8461538461538461 0.13221153846153846 0.20673076923076922
2 0.3942307692307692 0.6826923076923077 0.32211538461538464 0.39903846153846156