2 0.44711538461538464 0.6177884615384616 0.3125 0.41586538461538464
1 0.10096153846153846 0.2692307692307692 0.1875 0.22355769230769232
1 0.17307692307692307 0.11177884615384616 0.18028846153846154 0.22115384615384615
1 0.2608173076923077 0.1971153846153846 0.1778846153846154 0.23076923076923078
1 0.3245192307692308 0.33533653846153844 0.14423076923076922 0.23557692307692307
1 0.359375 0.27884615384615385 0.14423076923076922 0.23557692307692307
1 0.3954326923076923 0.24879807692307693 0.14423076923076922 0.23557692307692307
1 0.4495192307692308 0.22716346153846154 0.14423076923076922 0.23557692307692307
1 0.8629807692307693 0.2668269230769231 0.17067307692307693 0.22115384615384615
1 0.9194711538461539 0.11298076923076923 0.15865384615384615 0.22115384615384615
1 0.8882211538461539 0.8918269230769231 0.17548076923076922 0.21153846153846154
1 0.9038461538461539 0.8112980769230769 0.1875 0.23557692307692307
1 0.10817307692307693 0.640625 0.19951923076923078 0.23317307692307693
1 0.19230769230769232 0.7716346153846154 0.19951923076923078 0.23317307692307693
1 0.109375 0.8449519230769231 0.19951923076923078 0.23317307692307693
1 0.5132211538461539 0.9338942307692307 0.1971153846153846 0.12980769230769232
1 0.45913461538461536 0.052884615384615384 0.13942307692307693 0.10096153846153846
1 0.5276442307692307 0.04567307692307692 0.1346153846153846 0.08653846153846154