1 0.6165865384615384 0.34134615384615385 0.15625 0.1971153846153846
1 0.4338942307692308 0.8305288461538461 0.1875 0.2548076923076923
1 0.32091346153846156 0.25600961538461536 0.20673076923076922 0.27163461538461536
1 0.22235576923076922 0.1141826923076923 0.12980769230769232 0.15865384615384615
1 0.5336538461538461 0.1502403846153846 0.17307692307692307 0.2403846153846154
1 0.8004807692307693 0.31490384615384615 0.14903846153846154 0.20673076923076922
1 0.9338942307692307 0.8016826923076923 0.12740384615384615 0.23557692307692307
1 0.9579326923076923 0.5793269230769231 0.08173076923076923 0.22115384615384615
1 0.8341346153846154 0.609375 0.15384615384615385 0.21153846153846154
1 0.9411057692307693 0.3425480769230769 0.11538461538461539 0.21153846153846154
1 0.8449519230769231 0.9651442307692307 0.16826923076923078 0.0625
1 0.8125 0.8100961538461539 0.16826923076923078 0.21634615384615385
1 0.078125 0.47836538461538464 0.15625 0.25961538461538464
1 0.5552884615384616 0.45552884615384615 0.16826923076923078 0.23076923076923078
2 0.203125 0.6442307692307693 0.375 0.4735576923076923
0 0.42908653846153844 0.3088942307692308 0.0673076923076923 0.08173076923076923