1 0.3629807692307692 0.6430288461538461 0.21634615384615385 0.1778846153846154
1 0.6478365384615384 0.6201923076923077 0.21634615384615385 0.1778846153846154
1 0.8461538461538461 0.6778846153846154 0.21634615384615385 0.1778846153846154
1 0.24519230769230768 0.31971153846153844 0.21634615384615385 0.1778846153846154
1 0.09975961538461539 0.1814903846153846 0.17307692307692307 0.12980769230769232
1 0.6201923076923077 0.31009615384615385 0.21394230769230768 0.16346153846153846
1 0.6646634615384616 0.18990384615384615 0.21394230769230768 0.16346153846153846
1 0.8233173076923077 0.29447115384615385 0.1971153846153846 0.16826923076923078
1 0.24759615384615385 0.8413461538461539 0.1971153846153846 0.17067307692307693
1 0.6298076923076923 0.8149038461538461 0.21634615384615385 0.1971153846153846
1 0.45552884615384615 0.9302884615384616 0.2644230769230769 0.13701923076923078
1 0.09495192307692307 0.6466346153846154 0.18990384615384615 0.17067307692307693
1 0.11177884615384616 0.7103365384615384 0.1971153846153846 0.17067307692307693
1 0.7788461538461539 0.9254807692307693 0.20192307692307693 0.14423076923076922
2 0.3786057692307692 0.11899038461538461 0.45913461538461536 0.23557692307692307
0 0.46274038461538464 0.3112980769230769 0.10096153846153846 0.0625