1 0.25600961538461536 0.18269230769230768 0.24519230769230768 0.15384615384615385
1 0.2608173076923077 0.4579326923076923 0.24519230769230768 0.15384615384615385
1 0.11298076923076923 0.5757211538461539 0.22115384615384615 0.2091346153846154
1 0.11177884615384616 0.7379807692307693 0.19230769230769232 0.16105769230769232
1 0.28966346153846156 0.8088942307692307 0.19230769230769232 0.16105769230769232
1 0.30649038461538464 0.6622596153846154 0.19230769230769232 0.16105769230769232
1 0.49399038461538464 0.75 0.22355769230769232 0.1658653846153846
1 0.8353365384615384 0.6646634615384616 0.22355769230769232 0.1658653846153846
1 0.5060096153846154 0.5913461538461539 0.22355769230769232 0.1658653846153846
1 0.8858173076923077 0.25841346153846156 0.20673076923076922 0.25721153846153844
2 0.5697115384615384 0.3125 0.46153846153846156 0.3076923076923077