1 0.47115384615384615 0.3269230769230769 0.16826923076923078 0.20192307692307693
1 0.3557692307692308 0.9014423076923077 0.17307692307692307 0.19230769230769232
1 0.6947115384615384 0.6658653846153846 0.17067307692307693 0.2403846153846154
1 0.9050480769230769 0.6237980769230769 0.1875 0.2692307692307692
1 0.4098557692307692 0.6959134615384616 0.18269230769230768 0.22115384615384615
1 0.09014423076923077 0.7331730769230769 0.18028846153846154 0.22115384615384615
1 0.6610576923076923 0.4230769230769231 0.1658653846153846 0.25
1 0.21634615384615385 0.515625 0.1875 0.27163461538461536
1 0.8569711538461539 0.18389423076923078 0.1875 0.25961538461538464
1 0.2536057692307692 0.08052884615384616 0.17067307692307693 0.15625
0 0.27884615384615385 0.24879807692307693 0.0889423076923077 0.09375
0 0.3858173076923077 0.41947115384615385 0.07211538461538461 0.09375
0 0.5889423076923077 0.3004807692307692 0.07211538461538461 0.10096153846153846
2 0.6177884615384616 0.11899038461538461 0.2620192307692308 0.23076923076923078