2 0.1622596153846154 0.29086538461538464 0.31971153846153844 0.3605769230769231
1 0.11899038461538461 0.6490384615384616 0.20432692307692307 0.16346153846153846
1 0.4891826923076923 0.16346153846153846 0.2644230769230769 0.15384615384615385
1 0.06850961538461539 0.8076923076923077 0.1346153846153846 0.14423076923076922
1 0.6358173076923077 0.8269230769230769 0.17548076923076922 0.14423076923076922
1 0.27884615384615385 0.8161057692307693 0.17548076923076922 0.14423076923076922
1 0.2824519230769231 0.7584134615384616 0.21875 0.14903846153846154
1 0.14423076923076922 0.5300480769230769 0.2403846153846154 0.14903846153846154
1 0.7692307692307693 0.9459134615384616 0.21634615384615385 0.10576923076923077
1 0.7067307692307693 0.8701923076923077 0.21153846153846154 0.14903846153846154
1 0.5480769230769231 0.6670673076923077 0.18028846153846154 0.10096153846153846
1 0.5216346153846154 0.59375 0.20673076923076922 0.10817307692307693
1 0.7644230769230769 0.5721153846153846 0.2403846153846154 0.18990384615384615
1 0.9290865384615384 0.578125 0.13701923076923078 0.18028846153846154
1 0.8329326923076923 0.6514423076923077 0.24519230769230768 0.16826923076923078
1 0.9002403846153846 0.3088942307692308 0.19471153846153846 0.18028846153846154
1 0.7920673076923077 0.08173076923076923 0.2764423076923077 0.15865384615384615
1 0.5480769230769231 0.34615384615384615 0.2283653846153846 0.14903846153846154
1 0.4338942307692308 0.84375 0.2403846153846154 0.16826923076923078