1 0.31971153846153844 0.42427884615384615 0.27884615384615385 0.21634615384615385
1 0.3918269230769231 0.8365384615384616 0.18990384615384615 0.13942307692307693
1 0.30649038461538464 0.6862980769230769 0.1971153846153846 0.17548076923076922
1 0.6213942307692307 0.7067307692307693 0.1778846153846154 0.15865384615384615
1 0.5552884615384616 0.5276442307692307 0.19230769230769232 0.18269230769230768
1 0.7740384615384616 0.3581730769230769 0.20432692307692307 0.15144230769230768
1 0.8161057692307693 0.17548076923076922 0.24519230769230768 0.1778846153846154
1 0.8858173076923077 0.5492788461538461 0.22355769230769232 0.19951923076923078
1 0.8125 0.8197115384615384 0.23798076923076922 0.1875
1 0.328125 0.19110576923076922 0.20192307692307693 0.16346153846153846
1 0.5516826923076923 0.13581730769230768 0.2548076923076923 0.1778846153846154
1 0.11899038461538461 0.5745192307692307 0.23317307692307693 0.18269230769230768
2 0.16947115384615385 0.8209134615384616 0.33653846153846156 0.3557692307692308