0 0.4579326923076923 0.14302884615384615 0.09134615384615384 0.07692307692307693
2 0.49158653846153844 0.5649038461538461 0.34134615384615385 0.25961538461538464
1 0.7307692307692307 0.6574519230769231 0.23798076923076922 0.24519230769230768
1 0.4230769230769231 0.7932692307692307 0.23557692307692307 0.17307692307692307
1 0.234375 0.9266826923076923 0.24278846153846154 0.14182692307692307
1 0.12860576923076922 0.9266826923076923 0.24278846153846154 0.14182692307692307
1 0.06009615384615385 0.8389423076923077 0.1201923076923077 0.16826923076923078
1 0.21875 0.5889423076923077 0.14903846153846154 0.18269230769230768
1 0.6875 0.2692307692307692 0.25 0.1658653846153846
1 0.9038461538461539 0.6262019230769231 0.1875 0.16826923076923078
1 0.6586538461538461 0.8834134615384616 0.25 0.1658653846153846
1 0.13221153846153846 0.26802884615384615 0.2283653846153846 0.19471153846153846
1 0.31490384615384615 0.040865384615384616 0.23557692307692307 0.07932692307692307
1 0.7836538461538461 0.07692307692307693 0.23076923076923078 0.14903846153846154
1 0.9387019230769231 0.056490384615384616 0.1201923076923077 0.11057692307692307
1 0.8810096153846154 0.3088942307692308 0.23317307692307693 0.16826923076923078
1 0.9543269230769231 0.171875 0.08653846153846154 0.14903846153846154