1 0.34134615384615385 0.06370192307692307 0.2403846153846154 0.12259615384615384
1 0.8713942307692307 0.41586538461538464 0.24519230769230768 0.1875
1 0.25841346153846156 0.3161057692307692 0.24519230769230768 0.16346153846153846
1 0.06370192307692307 0.18028846153846154 0.12259615384615384 0.13942307692307693
1 0.8665865384615384 0.9302884615384616 0.23076923076923078 0.13701923076923078
1 0.7247596153846154 0.7283653846153846 0.1971153846153846 0.14903846153846154
1 0.40024038461538464 0.47716346153846156 0.22115384615384615 0.1875
1 0.24879807692307693 0.5120192307692307 0.22115384615384615 0.1875
1 0.48677884615384615 0.20192307692307693 0.2548076923076923 0.18028846153846154
1 0.5360576923076923 0.31971153846153844 0.2548076923076923 0.18028846153846154
1 0.8798076923076923 0.3112980769230769 0.23557692307692307 0.18028846153846154
1 0.1310096153846154 0.6105769230769231 0.15384615384615385 0.16826923076923078
1 0.6646634615384616 0.06370192307692307 0.20432692307692307 0.12259615384615384
2 0.3004807692307692 0.8040865384615384 0.5096153846153846 0.3894230769230769