1 0.234375 0.8990384615384616 0.2548076923076923 0.1658653846153846
1 0.8990384615384616 0.7692307692307693 0.1971153846153846 0.16826923076923078
1 0.21875 0.3798076923076923 0.25961538461538464 0.16826923076923078
1 0.09975961538461539 0.2668269230769231 0.19951923076923078 0.1971153846153846
1 0.09134615384615384 0.09134615384615384 0.18269230769230768 0.1778846153846154
1 0.09615384615384616 0.5961538461538461 0.19230769230769232 0.1875
1 0.6430288461538461 0.17668269230769232 0.21153846153846154 0.16826923076923078
1 0.9098557692307693 0.22956730769230768 0.17548076923076922 0.15384615384615385
0 0.7884615384615384 0.8846153846153846 0.0889423076923077 0.08173076923076923
0 0.6826923076923077 0.359375 0.08173076923076923 0.052884615384615384
2 0.3918269230769231 0.5685096153846154 0.46153846153846156 0.36538461538461536
1 0.8990384615384616 0.5492788461538461 0.1971153846153846 0.1778846153846154
1 0.9230769230769231 0.9146634615384616 0.14903846153846154 0.1658653846153846