1 0.734375 0.6778846153846154 0.18269230769230768 0.24519230769230768
1 0.8545673076923077 0.8581730769230769 0.16105769230769232 0.2403846153846154
1 0.5913461538461539 0.7680288461538461 0.11057692307692307 0.21634615384615385
1 0.5913461538461539 0.5324519230769231 0.18028846153846154 0.23557692307692307
1 0.6225961538461539 0.3173076923076923 0.15865384615384615 0.21394230769230768
1 0.4375 0.3870192307692308 0.1778846153846154 0.22596153846153846
1 0.09975961538461539 0.14423076923076922 0.1971153846153846 0.2548076923076923
1 0.8930288461538461 0.42427884615384615 0.16346153846153846 0.22355769230769232
1 0.8425480769230769 0.26802884615384615 0.1971153846153846 0.2692307692307692
1 0.41947115384615385 0.6237980769230769 0.17067307692307693 0.21634615384615385
1 0.17067307692307693 0.84375 0.21394230769230768 0.18269230769230768
1 0.4206730769230769 0.921875 0.18509615384615385 0.15384615384615385
1 0.5745192307692307 0.9266826923076923 0.15384615384615385 0.14182692307692307
1 0.3173076923076923 0.12980769230769232 0.19230769230769232 0.2548076923076923
0 0.7487980769230769 0.2980769230769231 0.052884615384615384 0.0625
0 0.6538461538461539 0.13221153846153846 0.06971153846153846 0.0889423076923077
2 0.20673076923076922 0.5144230769230769 0.3870192307692308 0.5576923076923077