1 0.2403846153846154 0.5228365384615384 0.19230769230769232 0.21875
1 0.3401442307692308 0.75 0.16826923076923078 0.23076923076923078
1 0.23197115384615385 0.7632211538461539 0.15384615384615385 0.19951923076923078
1 0.3701923076923077 0.11057692307692307 0.19230769230769232 0.22115384615384615
1 0.796875 0.8689903846153846 0.16826923076923078 0.23076923076923078
1 0.8100961538461539 0.4855769230769231 0.1778846153846154 0.24519230769230768
1 0.78125 0.5901442307692307 0.17548076923076922 0.22596153846153846
1 0.4879807692307692 0.3701923076923077 0.18269230769230768 0.21153846153846154
1 0.9459134615384616 0.2704326923076923 0.10576923076923077 0.2644230769230769
1 0.9278846153846154 0.0673076923076923 0.13942307692307693 0.1346153846153846
1 0.7956730769230769 0.0673076923076923 0.16826923076923078 0.1346153846153846
1 0.5913461538461539 0.09375 0.17307692307692307 0.1875
1 0.7451923076923077 0.22956730769230768 0.16346153846153846 0.21634615384615385
1 0.42427884615384615 0.328125 0.16346153846153846 0.21634615384615385
1 0.1658653846153846 0.1875 0.16346153846153846 0.21634615384615385
1 0.08533653846153846 0.6454326923076923 0.17067307692307693 0.24759615384615385
1 0.47115384615384615 0.5757211538461539 0.16826923076923078 0.15865384615384615
1 0.9399038461538461 0.6117788461538461 0.11778846153846154 0.23076923076923078
2 0.6237980769230769 0.8100961538461539 0.25961538461538464 0.34615384615384615