1 0.47596153846153844 0.7920673076923077 0.22355769230769232 0.1971153846153846
1 0.7067307692307693 0.6923076923076923 0.23557692307692307 0.17067307692307693
1 0.7211538461538461 0.8004807692307693 0.20192307692307693 0.15625
1 0.08533653846153846 0.6610576923076923 0.17067307692307693 0.1971153846153846
1 0.8293269230769231 0.22596153846153846 0.23557692307692307 0.17307692307692307
1 0.4375 0.21394230769230768 0.25 0.18028846153846154
1 0.5444711538461539 0.24278846153846154 0.23076923076923078 0.1778846153846154
1 0.32091346153846156 0.5408653846153846 0.21394230769230768 0.1875
1 0.21995192307692307 0.06490384615384616 0.2692307692307692 0.125
1 0.040865384615384616 0.08413461538461539 0.08173076923076923 0.16346153846153846
1 0.040865384615384616 0.2283653846153846 0.08173076923076923 0.17307692307692307
1 0.0673076923076923 0.4362980769230769 0.1346153846153846 0.17548076923076922
1 0.17668269230769232 0.2800480769230769 0.21875 0.16826923076923078
1 0.2776442307692308 0.6057692307692307 0.21875 0.16826923076923078
1 0.13341346153846154 0.8689903846153846 0.21875 0.16826923076923078
1 0.6009615384615384 0.9302884615384616 0.2548076923076923 0.1346153846153846
1 0.5288461538461539 0.5576923076923077 0.16346153846153846 0.17067307692307693
1 0.5661057692307693 0.07211538461538461 0.23557692307692307 0.13942307692307693
2 0.7680288461538461 0.4026442307692308 0.35096153846153844 0.2644230769230769