2 0.3233173076923077 0.6814903846153846 0.40384615384615385 0.3004807692307692
1 0.7127403846153846 0.5721153846153846 0.2283653846153846 0.1875
1 0.6586538461538461 0.6394230769230769 0.2283653846153846 0.1875
1 0.5673076923076923 0.25721153846153844 0.2283653846153846 0.15625
1 0.7127403846153846 0.1045673076923077 0.2283653846153846 0.1875
1 0.23557692307692307 0.051682692307692304 0.2548076923076923 0.10096153846153846
1 0.12139423076923077 0.4963942307692308 0.23798076923076922 0.15865384615384615
1 0.36658653846153844 0.9290865384615384 0.21394230769230768 0.13701923076923078
1 0.6394230769230769 0.9206730769230769 0.23557692307692307 0.15384615384615385
1 0.7536057692307693 0.8269230769230769 0.23076923076923078 0.16826923076923078
1 0.8786057692307693 0.40024038461538464 0.23798076923076922 0.21875
1 0.8088942307692307 0.26802884615384615 0.2403846153846154 0.16346153846153846
1 0.40384615384615385 0.052884615384615384 0.24278846153846154 0.10336538461538461
1 0.5757211538461539 0.30649038461538464 0.22596153846153846 0.10336538461538461
1 0.9399038461538461 0.22716346153846154 0.11538461538461539 0.1658653846153846
1 0.9399038461538461 0.12860576923076922 0.11538461538461539 0.1658653846153846
0 0.8209134615384616 0.7103365384615384 0.07692307692307693 0.06009615384615385
1 0.3605769230769231 0.15144230769230768 0.2283653846153846 0.15625
1 0.9338942307692307 0.7451923076923077 0.12980769230769232 0.17307692307692307
1 0.09975961538461539 0.78125 0.1971153846153846 0.22596153846153846