1 0.6298076923076923 0.3449519230769231 0.16346153846153846 0.25240384615384615
1 0.6995192307692307 0.8978365384615384 0.18990384615384615 0.19951923076923078
1 0.7536057692307693 0.5024038461538461 0.1971153846153846 0.2548076923076923
1 0.8064903846153846 0.7235576923076923 0.18990384615384615 0.18028846153846154
1 0.13221153846153846 0.9254807692307693 0.16105769230769232 0.14423076923076922
1 0.06009615384615385 0.6165865384615384 0.1201923076923077 0.21634615384615385
1 0.06009615384615385 0.38341346153846156 0.1201923076923077 0.21634615384615385
1 0.5048076923076923 0.16706730769230768 0.20192307692307693 0.24519230769230768
1 0.34975961538461536 0.359375 0.17548076923076922 0.2403846153846154
1 0.1875 0.3112980769230769 0.17548076923076922 0.2403846153846154
1 0.23076923076923078 0.19110576923076922 0.17548076923076922 0.2403846153846154
1 0.9411057692307693 0.49038461538461536 0.11538461538461539 0.22115384615384615
1 0.19951923076923078 0.5685096153846154 0.15625 0.21153846153846154
2 0.4338942307692308 0.6213942307692307 0.36538461538461536 0.4855769230769231