1 0.7692307692307693 0.6778846153846154 0.17307692307692307 0.19951923076923078
1 0.6021634615384616 0.6598557692307693 0.15865384615384615 0.19230769230769232
1 0.7043269230769231 0.140625 0.15865384615384615 0.19230769230769232
1 0.15504807692307693 0.8545673076923077 0.19230769230769232 0.2644230769230769
1 0.5348557692307693 0.8858173076923077 0.23798076923076922 0.22355769230769232
1 0.359375 0.48197115384615385 0.1778846153846154 0.1971153846153846
1 0.41947115384615385 0.26322115384615385 0.125 0.17548076923076922
1 0.5817307692307693 0.1875 0.15865384615384615 0.16826923076923078
1 0.8990384615384616 0.2091346153846154 0.1875 0.2403846153846154
1 0.46274038461538464 0.6911057692307693 0.17307692307692307 0.22596153846153846
1 0.7463942307692307 0.8569711538461539 0.15865384615384615 0.23557692307692307
2 0.5432692307692307 0.3870192307692308 0.21634615384615385 0.25240384615384615