1 0.48197115384615385 0.6514423076923077 0.1778846153846154 0.22596153846153846
1 0.8257211538461539 0.6766826923076923 0.1778846153846154 0.22596153846153846
1 0.265625 0.7824519230769231 0.1658653846153846 0.2692307692307692
1 0.078125 0.7139423076923077 0.15384615384615385 0.27163461538461536
1 0.17067307692307693 0.4639423076923077 0.16346153846153846 0.27163461538461536
1 0.18389423076923078 0.15985576923076922 0.16346153846153846 0.27163461538461536
1 0.25600961538461536 0.13341346153846154 0.1658653846153846 0.2620192307692308
1 0.5841346153846154 0.5264423076923077 0.15625 0.22596153846153846
1 0.3233173076923077 0.5120192307692307 0.15625 0.22596153846153846
1 0.921875 0.7572115384615384 0.15384615384615385 0.2283653846153846
1 0.3942307692307692 0.9098557692307693 0.19230769230769232 0.1778846153846154
1 0.6442307692307693 0.9266826923076923 0.20673076923076922 0.14182692307692307
1 0.6610576923076923 0.546875 0.13942307692307693 0.22115384615384615
1 0.7139423076923077 0.49278846153846156 0.13942307692307693 0.22115384615384615
1 0.7716346153846154 0.45072115384615385 0.13942307692307693 0.22115384615384615
1 0.8882211538461539 0.40865384615384615 0.13942307692307693 0.22115384615384615
0 0.7043269230769231 0.8317307692307693 0.057692307692307696 0.07211538461538461
0 0.9639423076923077 0.12379807692307693 0.057692307692307696 0.07211538461538461
0 0.7776442307692307 0.32572115384615385 0.057692307692307696 0.07451923076923077
2 0.47115384615384615 0.20072115384615385 0.33653846153846156 0.39663461538461536
1 0.6971153846153846 0.24519230769230768 0.1346153846153846 0.2644230769230769
1 0.8161057692307693 0.8834134615384616 0.17548076923076922 0.16346153846153846