2 0.2956730769230769 0.5721153846153846 0.3076923076923077 0.37740384615384615
2 0.3942307692307692 0.8701923076923077 0.23798076923076922 0.2548076923076923
0 0.14302884615384615 0.7536057692307693 0.06009615384615385 0.09134615384615384
0 0.8918269230769231 0.22596153846153846 0.06009615384615385 0.09134615384615384
1 0.6983173076923077 0.42427884615384615 0.2091346153846154 0.2980769230769231
1 0.765625 0.7548076923076923 0.17307692307692307 0.24759615384615385
1 0.9146634615384616 0.8389423076923077 0.1658653846153846 0.2548076923076923
1 0.8161057692307693 0.9302884615384616 0.1778846153846154 0.1346153846153846
1 0.11538461538461539 0.1045673076923077 0.1346153846153846 0.20673076923076922
1 0.16947115384615385 0.15384615384615385 0.1346153846153846 0.23557692307692307
1 0.21995192307692307 0.18990384615384615 0.1346153846153846 0.23557692307692307
1 0.28846153846153844 0.23197115384615385 0.1346153846153846 0.23557692307692307
1 0.36899038461538464 0.2956730769230769 0.1346153846153846 0.23557692307692307
1 0.0625 0.7163461538461539 0.12259615384615384 0.23557692307692307
1 0.05048076923076923 0.8653846153846154 0.0985576923076923 0.2403846153846154
1 0.7848557692307693 0.15985576923076922 0.11538461538461539 0.22355769230769232
1 0.7115384615384616 0.15625 0.13221153846153846 0.22115384615384615
1 0.4891826923076923 0.14543269230769232 0.14903846153846154 0.22115384615384615
1 0.5865384615384616 0.7247596153846154 0.1778846153846154 0.25