1 0.3798076923076923 0.14783653846153846 0.19471153846153846 0.18509615384615385
1 0.7283653846153846 0.6887019230769231 0.2692307692307692 0.18269230769230768
1 0.4675480769230769 0.9110576923076923 0.27163461538461536 0.17307692307692307
1 0.8401442307692307 0.054086538461538464 0.2764423076923077 0.10336538461538461
1 0.7896634615384616 0.17307692307692307 0.25961538461538464 0.1971153846153846
1 0.6298076923076923 0.14182692307692307 0.25961538461538464 0.1971153846153846
1 0.171875 0.0625 0.24519230769230768 0.125
1 0.9350961538461539 0.5600961538461539 0.125 0.1875
0 0.5108173076923077 0.03485576923076923 0.10817307692307693 0.06490384615384616
0 0.546875 0.2956730769230769 0.09134615384615384 0.08413461538461539
2 0.2920673076923077 0.5829326923076923 0.5817307692307693 0.5144230769230769