1 0.2704326923076923 0.8293269230769231 0.1778846153846154 0.27403846153846156
1 0.7391826923076923 0.5877403846153846 0.14903846153846154 0.21634615384615385
1 0.5661057692307693 0.9206730769230769 0.17548076923076922 0.15384615384615385
1 0.5348557692307693 0.6153846153846154 0.17307692307692307 0.22596153846153846
1 0.13822115384615385 0.5168269230769231 0.17307692307692307 0.1971153846153846
1 0.31490384615384615 0.41346153846153844 0.1778846153846154 0.16346153846153846
1 0.3233173076923077 0.6237980769230769 0.16105769230769232 0.19471153846153846
1 0.875 0.4050480769230769 0.15865384615384615 0.24278846153846154
1 0.07572115384615384 0.7451923076923077 0.15144230769230768 0.24519230769230768
1 0.6262019230769231 0.8329326923076923 0.20192307692307693 0.24519230769230768
1 0.5913461538461539 0.0733173076923077 0.21153846153846154 0.14182692307692307
2 0.6129807692307693 0.33533653846153844 0.3245192307692308 0.4326923076923077