1 0.7716346153846154 0.6225961538461539 0.22355769230769232 0.14903846153846154
1 0.6670673076923077 0.9326923076923077 0.2283653846153846 0.12980769230769232
1 0.8822115384615384 0.7800480769230769 0.23076923076923078 0.21875
1 0.5384615384615384 0.625 0.25 0.15625
1 0.08173076923076923 0.6069711538461539 0.15865384615384615 0.16105769230769232
1 0.2127403846153846 0.7536057692307693 0.24519230769230768 0.20192307692307693
1 0.6322115384615384 0.18509615384615385 0.21634615384615385 0.15865384615384615
1 0.4735576923076923 0.0889423076923077 0.2644230769230769 0.17548076923076922
1 0.4891826923076923 0.3329326923076923 0.22115384615384615 0.16346153846153846
1 0.109375 0.42427884615384615 0.21634615384615385 0.19951923076923078
1 0.8149038461538461 0.36538461538461536 0.23317307692307693 0.18269230769230768
0 0.8185096153846154 0.16105769230769232 0.08653846153846154 0.0625
2 0.18509615384615385 0.16826923076923078 0.36538461538461536 0.3317307692307692