1 0.2824519230769231 0.2283653846153846 0.15865384615384615 0.27884615384615385
1 0.0829326923076923 0.5084134615384616 0.16346153846153846 0.23076923076923078
1 0.15865384615384615 0.0889423076923077 0.1778846153846154 0.1778846153846154
1 0.6995192307692307 0.47836538461538464 0.1778846153846154 0.2091346153846154
1 0.6081730769230769 0.8653846153846154 0.1778846153846154 0.24759615384615385
1 0.36899038461538464 0.8713942307692307 0.16826923076923078 0.19951923076923078
1 0.7079326923076923 0.6766826923076923 0.1778846153846154 0.2091346153846154
1 0.7596153846153846 0.8858173076923077 0.18269230769230768 0.22355769230769232
1 0.5120192307692307 0.3173076923076923 0.18269230769230768 0.16105769230769232
1 0.578125 0.11899038461538461 0.10817307692307693 0.23557692307692307
1 0.10336538461538461 0.25600961538461536 0.14903846153846154 0.1971153846153846
1 0.19831730769230768 0.8521634615384616 0.15384615384615385 0.21153846153846154
1 0.9302884615384616 0.6237980769230769 0.1346153846153846 0.23317307692307693
2 0.5072115384615384 0.6081730769230769 0.3557692307692308 0.45913461538461536