1 0.7752403846153846 0.9603365384615384 0.25240384615384615 0.07451923076923077
1 0.9314903846153846 0.6358173076923077 0.13221153846153846 0.21634615384615385
1 0.9399038461538461 0.7463942307692307 0.11538461538461539 0.17548076923076922
1 0.8461538461538461 0.13341346153846154 0.19951923076923078 0.14903846153846154
1 0.7067307692307693 0.4567307692307692 0.20192307692307693 0.1875
1 0.14182692307692307 0.09254807692307693 0.2403846153846154 0.18269230769230768
1 0.3545673076923077 0.8665865384615384 0.20192307692307693 0.14423076923076922
1 0.609375 0.7644230769230769 0.20192307692307693 0.14423076923076922
1 0.5336538461538461 0.8966346153846154 0.25 0.19230769230769232
1 0.6742788461538461 0.22355769230769232 0.15384615384615385 0.1778846153846154
1 0.6237980769230769 0.07211538461538461 0.20192307692307693 0.13942307692307693
2 0.3161057692307692 0.35216346153846156 0.5649038461538461 0.4495192307692308