1 0.8677884615384616 0.47475961538461536 0.20432692307692307 0.2283653846153846
1 0.9146634615384616 0.2644230769230769 0.16826923076923078 0.20673076923076922
1 0.2536057692307692 0.5769230769230769 0.20673076923076922 0.18269230769230768
1 0.28365384615384615 0.30528846153846156 0 0
1 0.4987980769230769 0.4651442307692308 0.18990384615384615 0.22596153846153846
1 0.9110576923076923 0.8725961538461539 0.17307692307692307 0.25
1 0.12740384615384615 0.8930288461538461 0.15865384615384615 0.1971153846153846
1 0.2608173076923077 0.8257211538461539 0.11057692307692307 0.25961538461538464
1 0.6057692307692307 0.1875 0.14423076923076922 0.25240384615384615
0 0.037259615384615384 0.18389423076923078 0.07451923076923077 0.10576923076923077
0 0.14543269230769232 0.5132211538461539 0.07692307692307693 0.10336538461538461
2 0.4795673076923077 0.8377403846153846 0.3870192307692308 0.31971153846153844