2 0.5168269230769231 0.6850961538461539 0.27403846153846156 0.2644230769230769
1 0.19471153846153846 0.8293269230769231 0.28125 0.13942307692307693
1 0.6754807692307693 0.5456730769230769 0.20673076923076922 0.15384615384615385
1 0.7512019230769231 0.35216346153846156 0.20673076923076922 0.15384615384615385
1 0.5060096153846154 0.06129807692307692 0.27403846153846156 0.1201923076923077
1 0.2764423076923077 0.06129807692307692 0.27403846153846156 0.1201923076923077
1 0.09254807692307693 0.046875 0.18269230769230768 0.09134615384615384
1 0.0733173076923077 0.6706730769230769 0.1466346153846154 0.18028846153846154
1 0.06610576923076923 0.4807692307692308 0.13221153846153846 0.2403846153846154
1 0.3762019230769231 0.42427884615384615 0.18269230769230768 0.1778846153846154
1 0.8858173076923077 0.7163461538461539 0.21394230769230768 0.2692307692307692
0 0.3894230769230769 0.3137019230769231 0.07692307692307693 0.08173076923076923
0 0.6165865384615384 0.9759615384615384 0.0889423076923077 0.04326923076923077
1 0.5817307692307693 0.1971153846153846 0.27884615384615385 0.18028846153846154
1 0.8161057692307693 0.2608173076923077 0.20673076923076922 0.15384615384615385
1 0.8966346153846154 0.17067307692307693 0.20192307692307693 0.16346153846153846