1 0.42427884615384615 0.2620192307692308 0.25240384615384615 0.18990384615384615
1 0.40625 0.44711538461538464 0.2283653846153846 0.18269230769230768
1 0.8930288461538461 0.36177884615384615 0.2091346153846154 0.15625
1 0.6766826923076923 0.17908653846153846 0.24759615384615385 0.1971153846153846
1 0.5721153846153846 0.12620192307692307 0.22596153846153846 0.15384615384615385
1 0.16706730769230768 0.10576923076923077 0.2548076923076923 0.16346153846153846
1 0.4170673076923077 0.6322115384615384 0.20192307692307693 0.16346153846153846
1 0.48677884615384615 0.8100961538461539 0.2403846153846154 0.1875
1 0.18269230769230768 0.6574519230769231 0.2403846153846154 0.1875
1 0.12980769230769232 0.28846153846153844 0.2403846153846154 0.1875
1 0.3016826923076923 0.9447115384615384 0.2403846153846154 0.10817307692307693
1 0.36177884615384615 0.7932692307692307 0.21153846153846154 0.18990384615384615
1 0.21394230769230768 0.5769230769230769 0.19230769230769232 0.1875
1 0.9038461538461539 0.7439903846153846 0.1875 0.19471153846153846
2 0.7067307692307693 0.5673076923076923 0.44711538461538464 0.3317307692307692