1 0.47716346153846156 0.8942307692307693 0.2283653846153846 0.16346153846153846
1 0.2512019230769231 0.78125 0.23557692307692307 0.20192307692307693
1 0.6634615384615384 0.0985576923076923 0.22115384615384615 0.17307692307692307
1 0.6538461538461539 0.33533653846153844 0.2548076923076923 0.15144230769230768
1 0.4543269230769231 0.6322115384615384 0.23076923076923078 0.1971153846153846
1 0.22115384615384615 0.31971153846153844 0.2548076923076923 0.15144230769230768
1 0.20673076923076922 0.48197115384615385 0.27403846153846156 0.15625
1 0.9038461538461539 0.21153846153846154 0.1875 0.16826923076923078
1 0.06850961538461539 0.6141826923076923 0.1346153846153846 0.13942307692307693
1 0.9110576923076923 0.3629807692307692 0.17307692307692307 0.15865384615384615
1 0.9314903846153846 0.8978365384615384 0.13221153846153846 0.18509615384615385
1 0.4074519230769231 0.04326923076923077 0.21153846153846154 0.08173076923076923
1 0.09975961538461539 0.9326923076923077 0.19471153846153846 0.12980769230769232