1 0.2668269230769231 0.8040865384615384 0.17307692307692307 0.17067307692307693
1 0.08774038461538461 0.7475961538461539 0.17307692307692307 0.17067307692307693
1 0.47596153846153844 0.8882211538461539 0.125 0.20673076923076922
1 0.10817307692307693 0.29447115384615385 0.1875 0.21875
1 0.22596153846153846 0.45552884615384615 0.1875 0.21875
1 0.8737980769230769 0.4675480769230769 0.1875 0.21875
1 0.7680288461538461 0.4411057692307692 0.1875 0.21875
1 0.5240384615384616 0.5072115384615384 0.15144230769230768 0.16826923076923078
1 0.14543269230769232 0.0985576923076923 0.19230769230769232 0.19230769230769232
1 0.8942307692307693 0.25 0.12980769230769232 0.21634615384615385
1 0.9182692307692307 0.8197115384615384 0.16105769230769232 0.2548076923076923
1 0.6850961538461539 0.9242788461538461 0.15865384615384615 0.14903846153846154
0 0.36899038461538464 0.19591346153846154 0.0625 0.08653846153846154
0 0.8449519230769231 0.12620192307692307 0.0673076923076923 0.10096153846153846
2 0.5540865384615384 0.1814903846153846 0.32211538461538464 0.3581730769230769