2 0.7908653846153846 0.35697115384615385 0.34615384615384615 0.4423076923076923
1 0.49158653846153844 0.28846153846153844 0.19471153846153846 0.24519230769230768
1 0.24278846153846154 0.2512019230769231 0.1875 0.2956730769230769
1 0.29927884615384615 0.7079326923076923 0.1971153846153846 0.3269230769230769
1 0.7740384615384616 0.7235576923076923 0.18509615384615385 0.20432692307692307
1 0.5841346153846154 0.125 0.18509615384615385 0.20432692307692307
1 0.390625 0.07932692307692307 0.18509615384615385 0.15384615384615385
1 0.027644230769230768 0.5492788461538461 0.052884615384615384 0.27403846153846156
1 0.15264423076923078 0.7860576923076923 0.16346153846153846 0.2620192307692308
1 0.05048076923076923 0.828125 0.09615384615384616 0.21634615384615385
1 0.09495192307692307 0.4411057692307692 0.1658653846153846 0.25
1 0.6117788461538461 0.8870192307692307 0.19951923076923078 0.22115384615384615
1 0.7439903846153846 0.8497596153846154 0.19230769230769232 0.23798076923076922
1 0.16826923076923078 0.07091346153846154 0.16826923076923078 0.13701923076923078
1 0.38822115384615385 0.0733173076923077 0.16826923076923078 0.14182692307692307