1 0.6754807692307693 0.23677884615384615 0.21153846153846154 0.2932692307692308
1 0.7548076923076923 0.6574519230769231 0.20673076923076922 0.22596153846153846
1 0.20192307692307693 0.44350961538461536 0.19471153846153846 0.21634615384615385
1 0.5252403846153846 0.48197115384615385 0.1778846153846154 0.20192307692307693
1 0.6033653846153846 0.054086538461538464 0.21634615384615385 0.10817307692307693
1 0.1778846153846154 0.1875 0.17067307692307693 0.22596153846153846
1 0.9194711538461539 0.11658653846153846 0.15865384615384615 0.23317307692307693
1 0.8377403846153846 0.3076923076923077 0.1658653846153846 0.27403846153846156
1 0.9098557692307693 0.9326923076923077 0.15625 0.12980769230769232
1 0.31009615384615385 0.09014423076923077 0.15144230769230768 0.1778846153846154
0 0.13221153846153846 0.9050480769230769 0.08413461538461539 0.09615384615384616
2 0.5072115384615384 0.7716346153846154 0.4230769230769231 0.4519230769230769