1 0.3125 0.8942307692307693 0.21153846153846154 0.17548076923076922
1 0.5012019230769231 0.8100961538461539 0.21153846153846154 0.16346153846153846
1 0.9290865384615384 0.8461538461538461 0.13701923076923078 0.16826923076923078
1 0.9050480769230769 0.640625 0.18509615384615385 0.18028846153846154
1 0.9290865384615384 0.3762019230769231 0.13701923076923078 0.21394230769230768
1 0.7199519230769231 0.43990384615384615 0.23076923076923078 0.16826923076923078
1 0.6514423076923077 0.2668269230769231 0.23076923076923078 0.16826923076923078
1 0.3701923076923077 0.15625 0.18269230769230768 0.18990384615384615
1 0.11298076923076923 0.6706730769230769 0.22115384615384615 0.19230769230769232
1 0.7572115384615384 0.09375 0.23557692307692307 0.18269230769230768
1 0.8689903846153846 0.15504807692307693 0.23557692307692307 0.18990384615384615
1 0.5396634615384616 0.078125 0.1875 0.15384615384615385
1 0.48197115384615385 0.6225961538461539 0.23557692307692307 0.16826923076923078
1 0.6790865384615384 0.7139423076923077 0.25961538461538464 0.1875
2 0.2403846153846154 0.46153846153846156 0.47596153846153844 0.38461538461538464