1 0.4651442307692308 0.8629807692307693 0.1971153846153846 0.20673076923076922
1 0.0985576923076923 0.9362980769230769 0.1971153846153846 0.12259615384615384
1 0.22596153846153846 0.8149038461538461 0.22115384615384615 0.1658653846153846
1 0.7884615384615384 0.1310096153846154 0.2620192307692308 0.18269230769230768
1 0.7584134615384616 0.36778846153846156 0.3173076923076923 0.19230769230769232
1 0.609375 0.06490384615384616 0.2403846153846154 0.125
1 0.12980769230769232 0.08173076923076923 0.2548076923076923 0.15865384615384615
1 0.4014423076923077 0.38341346153846156 0.2620192307692308 0.18269230769230768
1 0.12980769230769232 0.37259615384615385 0.2548076923076923 0.18269230769230768
1 0.6225961538461539 0.5805288461538461 0.3125 0.22115384615384615
2 0.18629807692307693 0.6021634615384616 0.36778846153846156 0.3557692307692308