1 0.421875 0.1875 0.1875 0.16346153846153846
1 0.7163461538461539 0.6334134615384616 0.1875 0.25961538461538464
1 0.48677884615384615 0.6634615384615384 0.1875 0.25961538461538464
1 0.8942307692307693 0.5564903846153846 0.1971153846153846 0.25961538461538464
1 0.41586538461538464 0.9050480769230769 0.1971153846153846 0.1875
1 0.15745192307692307 0.2920673076923077 0.14182692307692307 0.21875
1 0.8533653846153846 0.06971153846153846 0.15384615384615385 0.1346153846153846
1 0.59375 0.06971153846153846 0.20192307692307693 0.1346153846153846
1 0.10336538461538461 0.7884615384615384 0.17307692307692307 0.24759615384615385
1 0.055288461538461536 0.8557692307692307 0.11057692307692307 0.28365384615384615
2 0.6117788461538461 0.3581730769230769 0.24519230769230768 0.3125
0 0.5108173076923077 0.515625 0.04807692307692308 0.08173076923076923