1 0.7067307692307693 0.3269230769230769 0.22115384615384615 0.1778846153846154
1 0.46153846153846156 0.07451923076923077 0.20673076923076922 0.14423076923076922
1 0.234375 0.1310096153846154 0.21153846153846154 0.16346153846153846
1 0.5829326923076923 0.7752403846153846 0.21634615384615385 0.13942307692307693
1 0.8413461538461539 0.5829326923076923 0.18269230769230768 0.13701923076923078
1 0.6694711538461539 0.8389423076923077 0.1971153846153846 0.13942307692307693
1 0.07932692307692307 0.9302884615384616 0.15384615384615385 0.1346153846153846
1 0.41466346153846156 0.8978365384615384 0.1778846153846154 0.1346153846153846
1 0.4254807692307692 0.33413461538461536 0.1971153846153846 0.14423076923076922
1 0.17548076923076922 0.5012019230769231 0.23557692307692307 0.19951923076923078
1 0.21033653846153846 0.8389423076923077 0.2403846153846154 0.14903846153846154
1 0.24519230769230768 0.2608173076923077 0.22115384615384615 0.15865384615384615
1 0.8786057692307693 0.44711538461538464 0.1971153846153846 0.14423076923076922
2 0.4735576923076923 0.5805288461538461 0.3894230769230769 0.2932692307692308
0 0.9278846153846154 0.9326923076923077 0.07692307692307693 0.06971153846153846