1 0.7932692307692307 0.9074519230769231 0.21634615384615385 0.18028846153846154
1 0.5769230769230769 0.9110576923076923 0.20673076923076922 0.17307692307692307
1 0.3786057692307692 0.7920673076923077 0.22596153846153846 0.18269230769230768
1 0.22115384615384615 0.9038461538461539 0.21634615384615385 0.1875
1 0.18509615384615385 0.6971153846153846 0.18509615384615385 0.1875
1 0.18269230769230768 0.5444711538461539 0.20673076923076922 0.19230769230769232
1 0.16105769230769232 0.3545673076923077 0.24278846153846154 0.17548076923076922
1 0.17908653846153846 0.22716346153846154 0.18269230769230768 0.16826923076923078
1 0.38822115384615385 0.21153846153846154 0.23798076923076922 0.16346153846153846
1 0.49399038461538464 0.12259615384615384 0.16826923076923078 0.20192307692307693
1 0.6790865384615384 0.15625 0.1778846153846154 0.20432692307692307
1 0.8389423076923077 0.41586538461538464 0.21153846153846154 0.18269230769230768
1 0.8930288461538461 0.14903846153846154 0.2091346153846154 0.19230769230769232
1 0.71875 0.6538461538461539 0.2932692307692308 0.19951923076923078
2 0.5300480769230769 0.4579326923076923 0.4807692307692308 0.3701923076923077