0 0.5612980769230769 0.28125 0.10096153846153846 0.09615384615384616
2 0.14423076923076922 0.3389423076923077 0.1778846153846154 0.19951923076923078
1 0.6911057692307693 0.5564903846153846 0.23076923076923078 0.17307692307692307
1 0.8521634615384616 0.2668269230769231 0.23076923076923078 0.17307692307692307
1 0.8233173076923077 0.09375 0.23076923076923078 0.17307692307692307
1 0.46033653846153844 0.1814903846153846 0.23076923076923078 0.17307692307692307
1 0.11177884615384616 0.1466346153846154 0.21875 0.17548076923076922
1 0.390625 0.4567307692307692 0.23076923076923078 0.17307692307692307
0 0.24519230769230768 0.3786057692307692 0.0673076923076923 0.055288461538461536
1 0.30649038461538464 0.8581730769230769 0.23076923076923078 0.17307692307692307
1 0.3112980769230769 0.9387019230769231 0.22355769230769232 0.11778846153846154
1 0.546875 0.7932692307692307 0.23076923076923078 0.17307692307692307
1 0.375 0.6911057692307693 0.23076923076923078 0.17307692307692307
1 0.11538461538461539 0.6887019230769231 0.22596153846153846 0.17548076923076922
1 0.11778846153846154 0.6923076923076923 0.23076923076923078 0.17548076923076922
1 0.8173076923076923 0.7463942307692307 0.23076923076923078 0.17307692307692307
1 0.7776442307692307 0.17668269230769232 0.23076923076923078 0.17307692307692307
1 0.35697115384615385 0.04326923076923077 0.22115384615384615 0.08173076923076923
1 0.09735576923076923 0.8221153846153846 0.18990384615384615 0.1778846153846154
1 0.6274038461538461 0.9170673076923077 0.23557692307692307 0.16105769230769232
1 0.9050480769230769 0.8545673076923077 0.18509615384615385 0.18509615384615385
1 0.9050480769230769 0.6514423076923077 0.18509615384615385 0.18269230769230768
0 0.7091346153846154 0.8509615384615384 0.07211538461538461 0.055288461538461536