2 0.6838942307692307 0.6923076923076923 0.29086538461538464 0.3894230769230769
1 0.5769230769230769 0.3161057692307692 0.18028846153846154 0.22115384615384615
1 0.6430288461538461 0.36778846153846156 0.18028846153846154 0.22115384615384615
1 0.27283653846153844 0.45552884615384615 0.15144230769230768 0.22115384615384615
1 0.12620192307692307 0.3161057692307692 0.18028846153846154 0.22115384615384615
1 0.0625 0.7776442307692307 0.1201923076923077 0.24519230769230768
1 0.5048076923076923 0.8858173076923077 0.15384615384615385 0.22355769230769232
1 0.9278846153846154 0.6526442307692307 0.13942307692307693 0.2091346153846154
1 0.9194711538461539 0.3870192307692308 0.15625 0.22596153846153846
1 0.8245192307692307 0.2764423076923077 0.16105769230769232 0.22355769230769232
1 0.41346153846153844 0.14423076923076922 0.20673076923076922 0.24519230769230768
1 0.28365384615384615 0.22235576923076922 0.15625 0.23317307692307693
1 0.06370192307692307 0.6153846153846154 0.125 0.23557692307692307
1 0.32091346153846156 0.4483173076923077 0.10096153846153846 0.22115384615384615
1 0.2439903846153846 0.07572115384615384 0.15865384615384615 0.15144230769230768
1 0.14783653846153846 0.07572115384615384 0.15865384615384615 0.15144230769230768
0 0.7115384615384616 0.21033653846153846 0.057692307692307696 0.07692307692307693
1 0.17067307692307693 0.65625 0.15144230769230768 0.22115384615384615
1 0.7451923076923077 0.08173076923076923 0.16826923076923078 0.16346153846153846
1 0.7788461538461539 0.90625 0.22115384615384615 0.18269230769230768