2 0.41466346153846156 0.7259615384615384 0.3894230769230769 0.3173076923076923
2 0.11899038461538461 0.6237980769230769 0.23557692307692307 0.24519230769230768
0 0.22716346153846154 0.8834134615384616 0.09375 0.0625
0 0.7728365384615384 0.109375 0.09375 0.0625
1 0.5685096153846154 0.31009615384615385 0.3076923076923077 0.21634615384615385
1 0.2247596153846154 0.2403846153846154 0.2548076923076923 0.1778846153846154
1 0.140625 0.08653846153846154 0.2620192307692308 0.16826923076923078
1 0.057692307692307696 0.1875 0.11057692307692307 0.18509615384615385
1 0.8930288461538461 0.9122596153846154 0.2091346153846154 0.14182692307692307
1 0.8473557692307693 0.8557692307692307 0.24519230769230768 0.13942307692307693
1 0.8100961538461539 0.8040865384615384 0.24519230769230768 0.13942307692307693
1 0.7668269230769231 0.7331730769230769 0.24519230769230768 0.13942307692307693
1 0.7007211538461539 0.6502403846153846 0.24519230769230768 0.13942307692307693
1 0.265625 0.9507211538461539 0.24519230769230768 0.09615384615384616
1 0.11899038461538461 0.9639423076923077 0.23076923076923078 0.06971153846153846
1 0.8413461538461539 0.21995192307692307 0.23076923076923078 0.1201923076923077
1 0.84375 0.2956730769230769 0.2283653846153846 0.1346153846153846
1 0.8557692307692307 0.5264423076923077 0.23076923076923078 0.15384615384615385
1 0.25600961538461536 0.4254807692307692 0.25961538461538464 0.18509615384615385