1 0.09495192307692307 0.5 0.14423076923076922 0.22355769230769232
1 0.5841346153846154 0.671875 0.17548076923076922 0.20192307692307693
1 0.8509615384615384 0.4963942307692308 0.18269230769230768 0.20192307692307693
1 0.8689903846153846 0.7403846153846154 0.18269230769230768 0.22596153846153846
1 0.6899038461538461 0.2644230769230769 0.18269230769230768 0.22596153846153846
1 0.24759615384615385 0.1935096153846154 0.15384615384615385 0.1971153846153846
1 0.3317307692307692 0.9038461538461539 0.15384615384615385 0.1875
1 0.7067307692307693 0.8617788461538461 0.15384615384615385 0.1971153846153846
1 0.4423076923076923 0.10576923076923077 0.15384615384615385 0.1971153846153846
1 0.5925480769230769 0.6117788461538461 0.17548076923076922 0.20192307692307693
1 0.12860576923076922 0.5264423076923077 0.14423076923076922 0.22355769230769232
2 0.3858173076923077 0.5060096153846154 0.40865384615384615 0.4567307692307692
0 0.22235576923076922 0.796875 0.07211538461538461 0.09615384615384616