1 0.30528846153846156 0.27163461538461536 0.20673076923076922 0.2548076923076923
1 0.04927884615384615 0.28725961538461536 0.09375 0.23798076923076922
1 0.7572115384615384 0.8449519230769231 0.1778846153846154 0.23317307692307693
1 0.6766826923076923 0.7956730769230769 0.1778846153846154 0.23317307692307693
1 0.5865384615384616 0.6778846153846154 0.19230769230769232 0.2932692307692308
1 0.3425480769230769 0.625 0.21394230769230768 0.2548076923076923
1 0.1658653846153846 0.9266826923076923 0.18269230769230768 0.14182692307692307
1 0.3293269230769231 0.8389423076923077 0.19230769230769232 0.23076923076923078
1 0.5432692307692307 0.9375 0.1875 0.1201923076923077
1 0.4807692307692308 0.3737980769230769 0.15865384615384615 0.20673076923076922
1 0.4963942307692308 0.23197115384615385 0.17067307692307693 0.20673076923076922
1 0.4963942307692308 0.11899038461538461 0.17067307692307693 0.20673076923076922
1 0.6971153846153846 0.0985576923076923 0.17067307692307693 0.19230769230769232
1 0.13341346153846154 0.27524038461538464 0.1778846153846154 0.25721153846153844
2 0.8665865384615384 0.25600961538461536 0.2644230769230769 0.4206730769230769
0 0.71875 0.3701923076923077 0.06490384615384616 0.08413461538461539
0 0.36658653846153844 0.9771634615384616 0.06009615384615385 0.040865384615384616