1 0.5372596153846154 0.09495192307692307 0.17067307692307693 0.18269230769230768
1 0.7091346153846154 0.10216346153846154 0.1778846153846154 0.19951923076923078
1 0.5552884615384616 0.7427884615384616 0.18269230769230768 0.22115384615384615
1 0.7259615384615384 0.8305288461538461 0.19230769230769232 0.2668269230769231
1 0.5649038461538461 0.3016826923076923 0.18990384615384615 0.2091346153846154
1 0.41586538461538464 0.9002403846153846 0.20192307692307693 0.19471153846153846
1 0.6213942307692307 0.49038461538461536 0.13942307692307693 0.23317307692307693
1 0.9326923076923077 0.8810096153846154 0.12980769230769232 0.23317307692307693
1 0.7548076923076923 0.5588942307692307 0.17307692307692307 0.23798076923076922
1 0.7896634615384616 0.32091346153846156 0.17307692307692307 0.21634615384615385
1 0.2620192307692308 0.7680288461538461 0.17067307692307693 0.23798076923076922
1 0.9194711538461539 0.5925480769230769 0.15865384615384615 0.22596153846153846
1 0.9110576923076923 0.11778846153846154 0.17548076923076922 0.19230769230769232
1 0.06129807692307692 0.6670673076923077 0.11778846153846154 0.24759615384615385
2 0.1814903846153846 0.2608173076923077 0.33413461538461536 0.4735576923076923
0 0.5420673076923077 0.49158653846153844 0.057692307692307696 0.09375