1 0.31009615384615385 0.7091346153846154 0.21153846153846154 0.21875
1 0.44471153846153844 0.6887019230769231 0.20192307692307693 0.18269230769230768
1 0.3581730769230769 0.24759615384615385 0.21634615384615385 0.19471153846153846
1 0.828125 0.27884615384615385 0.2091346153846154 0.16346153846153846
1 0.9002403846153846 0.31971153846153844 0.1971153846153846 0.14903846153846154
1 0.6009615384615384 0.0985576923076923 0.24519230769230768 0.17307692307692307
1 0.7379807692307693 0.5612980769230769 0.24519230769230768 0.17307692307692307
1 0.3401442307692308 0.9110576923076923 0.25 0.16105769230769232
1 0.609375 0.8485576923076923 0.2403846153846154 0.15865384615384615
1 0.6682692307692307 0.6466346153846154 0.2403846153846154 0.16105769230769232
1 0.24519230769230768 0.4879807692307692 0.2403846153846154 0.15865384615384615
1 0.49399038461538464 0.4795673076923077 0.25721153846153844 0.18990384615384615
2 0.11177884615384616 0.6634615384615384 0.21875 0.4519230769230769
1 0.10336538461538461 0.23798076923076922 0.20192307692307693 0.14903846153846154
1 0.2403846153846154 0.2776442307692308 0.20673076923076922 0.1466346153846154
1 0.8918269230769231 0.8377403846153846 0.21153846153846154 0.17548076923076922