1 0.23677884615384615 0.6454326923076923 0.16826923076923078 0.20432692307692307
1 0.5036057692307693 0.5721153846153846 0.23557692307692307 0.20192307692307693
1 0.6610576923076923 0.8004807692307693 0.17307692307692307 0.13942307692307693
1 0.3701923076923077 0.7776442307692307 0.25 0.14423076923076922
1 0.5685096153846154 0.9206730769230769 0.21394230769230768 0.15384615384615385
1 0.38341346153846156 0.9122596153846154 0.19951923076923078 0.17067307692307693
1 0.4411057692307692 0.44591346153846156 0.19471153846153846 0.18509615384615385
1 0.42427884615384615 0.31850961538461536 0.21153846153846154 0.19951923076923078
1 0.06610576923076923 0.6646634615384616 0.12980769230769232 0.19471153846153846
0 0.12620192307692307 0.265625 0.07211538461538461 0.057692307692307696
0 0.040865384615384616 0.36538461538461536 0.07211538461538461 0.08173076923076923
0 0.16706730769230768 0.11899038461538461 0.1201923076923077 0.08413461538461539
0 0.054086538461538464 0.23317307692307693 0.0985576923076923 0.08413461538461539
0 0.8545673076923077 0.32091346153846156 0.07932692307692307 0.08173076923076923
0 0.828125 0.8798076923076923 0.06009615384615385 0.04807692307692308
2 0.15625 0.8966346153846154 0.3125 0.20192307692307693