1 0.30408653846153844 0.8737980769230769 0.19951923076923078 0.1658653846153846
1 0.48197115384615385 0.7944711538461539 0.1971153846153846 0.15384615384615385
1 0.9098557692307693 0.8293269230769231 0.17548076923076922 0.15384615384615385
1 0.8858173076923077 0.6358173076923077 0.21634615384615385 0.1658653846153846
1 0.9098557692307693 0.3870192307692308 0.17548076923076922 0.1971153846153846
1 0.6887019230769231 0.44591346153846156 0.21875 0.15865384615384615
1 0.6237980769230769 0.28365384615384615 0.21875 0.15865384615384615
1 0.359375 0.18028846153846154 0.17307692307692307 0.1778846153846154
1 0.11177884615384616 0.6634615384615384 0.21875 0.18028846153846154
1 0.7247596153846154 0.11899038461538461 0.22115384615384615 0.1778846153846154
1 0.8293269230769231 0.1778846153846154 0.22115384615384615 0.1778846153846154
1 0.5192307692307693 0.09014423076923077 0.17548076923076922 0.1778846153846154
1 0.4651442307692308 0.6177884615384616 0.22115384615384615 0.15865384615384615
1 0.6502403846153846 0.7043269230769231 0.24519230769230768 0.17548076923076922
2 0.23076923076923078 0.4675480769230769 0.4567307692307692 0.3605769230769231