1 0.1778846153846154 0.16346153846153846 0.18269230769230768 0.23317307692307693
1 0.12259615384615384 0.41346153846153844 0.1778846153846154 0.27163461538461536
1 0.49038461538461536 0.8353365384615384 0.1778846153846154 0.27163461538461536
1 0.22956730769230768 0.8870192307692307 0.17067307692307693 0.19951923076923078
1 0.2956730769230769 0.90625 0.17307692307692307 0.18269230769230768
1 0.05048076923076923 0.6959134615384616 0.09615384615384616 0.23798076923076922
1 0.65625 0.6574519230769231 0.15384615384615385 0.21634615384615385
1 0.7355769230769231 0.39903846153846156 0.1778846153846154 0.21634615384615385
1 0.7788461538461539 0.09975961538461539 0.18269230769230768 0.19471153846153846
1 0.5228365384615384 0.14543269230769232 0.18028846153846154 0.21634615384615385
1 0.8774038461538461 0.22115384615384615 0.1875 0.24519230769230768
2 0.4375 0.4831730769230769 0.375 0.45913461538461536