1 0.7163461538461539 0.37740384615384615 0.16346153846153846 0.2091346153846154
1 0.7163461538461539 0.25240384615384615 0.16346153846153846 0.2091346153846154
1 0.9242788461538461 0.4987980769230769 0.14903846153846154 0.21153846153846154
1 0.609375 0.9074519230769231 0.17067307692307693 0.18028846153846154
1 0.18389423076923078 0.8076923076923077 0.16346153846153846 0.23557692307692307
1 0.7980769230769231 0.8954326923076923 0.16346153846153846 0.18269230769230768
1 0.7824519230769231 0.5829326923076923 0.16346153846153846 0.2283653846153846
1 0.4807692307692308 0.5492788461538461 0.16346153846153846 0.20673076923076922
1 0.0625 0.6526442307692307 0.125 0.21153846153846154
1 0.5564903846153846 0.12139423076923077 0.16105769230769232 0.21394230769230768
1 0.5997596153846154 0.7019230769230769 0.15865384615384615 0.21394230769230768
2 0.27524038461538464 0.19951923076923078 0.2620192307692308 0.2932692307692308
0 0.3016826923076923 0.75 0.057692307692307696 0.07692307692307693
0 0.9735576923076923 0.1141826923076923 0.05048076923076923 0.0889423076923077