1 0.42427884615384615 0.6742788461538461 0.17067307692307693 0.20192307692307693
1 0.30649038461538464 0.09735576923076923 0.17548076923076922 0.18990384615384615
1 0.6514423076923077 0.3329326923076923 0.17307692307692307 0.2403846153846154
1 0.8713942307692307 0.3737980769230769 0.20432692307692307 0.27163461538461536
1 0.36177884615384615 0.3016826923076923 0.1875 0.22355769230769232
1 0.06610576923076923 0.265625 0.12740384615384615 0.22355769230769232
1 0.6165865384615384 0.5769230769230769 0.16826923076923078 0.25240384615384615
1 0.1658653846153846 0.484375 0.18990384615384615 0.27403846153846156
1 0.8149038461538461 0.8185096153846154 0.19230769230769232 0.25961538461538464
1 0.20432692307692307 0.921875 0.17307692307692307 0.15384615384615385
0 0.22956730769230768 0.7536057692307693 0.09134615384615384 0.09615384615384616
0 0.33774038461538464 0.5805288461538461 0.07211538461538461 0.09615384615384616
0 0.5444711538461539 0.7019230769230769 0.07451923076923077 0.10096153846153846
2 0.5733173076923077 0.8822115384615384 0.2644230769230769 0.23076923076923078