1 0.19591346153846154 0.2668269230769231 0.14903846153846154 0.24278846153846154
1 0.46634615384615385 0.27163461538461536 0.14903846153846154 0.24278846153846154
1 0.5817307692307693 0.125 0.20192307692307693 0.22115384615384615
1 0.7415865384615384 0.125 0.15865384615384615 0.18990384615384615
1 0.8112980769230769 0.29927884615384615 0.15865384615384615 0.18990384615384615
1 0.6682692307692307 0.3161057692307692 0.15865384615384615 0.18990384615384615
1 0.7536057692307693 0.5 0.16346153846153846 0.22115384615384615
1 0.6706730769230769 0.8353365384615384 0.16346153846153846 0.22115384615384615
1 0.5973557692307693 0.5132211538461539 0.16346153846153846 0.22115384615384615
1 0.2704326923076923 0.8858173076923077 0.2548076923076923 0.20192307692307693
2 0.3233173076923077 0.5745192307692307 0.30288461538461536 0.4519230769230769