1 0.5901442307692307 0.24639423076923078 0.20432692307692307 0.22596153846153846
1 0.8641826923076923 0.2860576923076923 0.20192307692307693 0.22596153846153846
1 0.8509615384615384 0.4182692307692308 0.20192307692307693 0.22596153846153846
1 0.7776442307692307 0.6526442307692307 0.20192307692307693 0.1875
1 0.38341346153846156 0.5276442307692307 0.15865384615384615 0.23076923076923078
1 0.21754807692307693 0.6225961538461539 0.15865384615384615 0.23076923076923078
1 0.11899038461538461 0.20793269230769232 0.15865384615384615 0.23076923076923078
1 0.45552884615384615 0.9290865384615384 0.17307692307692307 0.13701923076923078
1 0.40865384615384615 0.3112980769230769 0.16826923076923078 0.20192307692307693
1 0.5492788461538461 0.7127403846153846 0.1778846153846154 0.22115384615384615
1 0.9567307692307693 0.8401442307692307 0.08173076923076923 0.2548076923076923
1 0.09254807692307693 0.8870192307692307 0.18028846153846154 0.22115384615384615
2 0.7379807692307693 0.8617788461538461 0.3557692307692308 0.27403846153846156