1 0.14182692307692307 0.5745192307692307 0.21634615384615385 0.18269230769230768
1 0.10817307692307693 0.39663461538461536 0.21153846153846154 0.18269230769230768
1 0.10096153846153846 0.1971153846153846 0.1971153846153846 0.18269230769230768
1 0.3088942307692308 0.08413461538461539 0.2548076923076923 0.16346153846153846
1 0.8978365384615384 0.12259615384615384 0.19951923076923078 0.1971153846153846
1 0.6574519230769231 0.3713942307692308 0.25721153846153844 0.19230769230769232
1 0.8545673076923077 0.28966346153846156 0.24278846153846154 0.18028846153846154
1 0.1502403846153846 0.9591346153846154 0.25721153846153844 0.07692307692307693
1 0.609375 0.9362980769230769 0.2283653846153846 0.12259615384615384
1 0.48677884615384615 0.3016826923076923 0.22596153846153846 0.15384615384615385
1 0.7463942307692307 0.14543269230769232 0.21634615384615385 0.20192307692307693
2 0.5576923076923077 0.6081730769230769 0.4014423076923077 0.43028846153846156