1 0.6682692307692307 0.12860576923076922 0.16826923076923078 0.20673076923076922
1 0.8365384615384616 0.14182692307692307 0.16826923076923078 0.20673076923076922
1 0.6790865384615384 0.40384615384615385 0.16826923076923078 0.20673076923076922
1 0.4170673076923077 0.8185096153846154 0.18269230769230768 0.22596153846153846
1 0.3016826923076923 0.609375 0.19230769230769232 0.2620192307692308
1 0.27884615384615385 0.22355769230769232 0.15384615384615385 0.21634615384615385
1 0.7836538461538461 0.8545673076923077 0.19230769230769232 0.2620192307692308
1 0.6875 0.9375 0.1658653846153846 0.1201923076923077
1 0.8978365384615384 0.5492788461538461 0.19230769230769232 0.17307692307692307
1 0.09735576923076923 0.18509615384615385 0.1875 0.27403846153846156
1 0.421875 0.08533653846153846 0.1466346153846154 0.16826923076923078
1 0.31490384615384615 0.7800480769230769 0.18990384615384615 0.19471153846153846
1 0.609375 0.8016826923076923 0.17307692307692307 0.24278846153846154
2 0.4423076923076923 0.39903846153846156 0.3269230769230769 0.4519230769230769