1 0.7788461538461539 0.9423076923076923 0.25 0.11057692307692307
1 0.9350961538461539 0.5961538461538461 0.125 0.21875
1 0.9423076923076923 0.7067307692307693 0.11057692307692307 0.1778846153846154
1 0.8521634615384616 0.09014423076923077 0.20192307692307693 0.14903846153846154
1 0.7115384615384616 0.41586538461538464 0.20192307692307693 0.1875
1 0.14543269230769232 0.07211538461538461 0.2403846153846154 0.13942307692307693
1 0.3581730769230769 0.828125 0.20192307692307693 0.14423076923076922
1 0.6153846153846154 0.7259615384615384 0.20192307692307693 0.14423076923076922
1 0.5384615384615384 0.859375 0.25240384615384615 0.19471153846153846
1 0.6790865384615384 0.18028846153846154 0.15384615384615385 0.1778846153846154
1 0.6286057692307693 0.05048076923076923 0.20192307692307693 0.0985576923076923
2 0.31971153846153844 0.3112980769230769 0.5673076923076923 0.4519230769230769