2 0.32211538461538464 0.5949519230769231 0.2403846153846154 0.2932692307692308
2 0.5985576923076923 0.12259615384615384 0.2548076923076923 0.2403846153846154
1 0.33413461538461536 0.10096153846153846 0.1778846153846154 0.1971153846153846
1 0.15384615384615385 0.14783653846153846 0.17548076923076922 0.21875
1 0.21394230769230768 0.23076923076923078 0.17548076923076922 0.21875
1 0.6346153846153846 0.609375 0.17548076923076922 0.21875
1 0.7548076923076923 0.4362980769230769 0.20192307692307693 0.22596153846153846
1 0.9314903846153846 0.08653846153846154 0.1346153846153846 0.16826923076923078
1 0.9615384615384616 0.24759615384615385 0.07211538461538461 0.19230769230769232
1 0.9326923076923077 0.390625 0.12980769230769232 0.20192307692307693
1 0.9242788461538461 0.5348557692307693 0.1466346153846154 0.20192307692307693
1 0.9435096153846154 0.7932692307692307 0.11057692307692307 0.27884615384615385
1 0.8701923076923077 0.9495192307692307 0.2403846153846154 0.09615384615384616
0 0.4423076923076923 0.15384615384615385 0.09615384615384616 0.10096153846153846
0 0.20432692307692307 0.45913461538461536 0.0625 0.09615384615384616
0 0.5985576923076923 0.7728365384615384 0.0625 0.09615384615384616
0 0.7091346153846154 0.8173076923076923 0.0625 0.09615384615384616
1 0.5829326923076923 0.47836538461538464 0.17548076923076922 0.21875
1 0.4987980769230769 0.359375 0.17548076923076922 0.21875
1 0.12980769230769232 0.9194711538461539 0.19471153846153846 0.15865384615384615
1 0.07091346153846154 0.8088942307692307 0.14182692307692307 0.21634615384615385
1 0.15985576923076922 0.8161057692307693 0.15384615384615385 0.21394230769230768
1 0.0733173076923077 0.36778846153846156 0.1466346153846154 0.28125
1 0.7463942307692307 0.5432692307692307 0.14423076923076922 0.17067307692307693