1 0.625 0.7620192307692307 0.19230769230769232 0.1778846153846154
1 0.9230769230769231 0.8581730769230769 0.14903846153846154 0.1778846153846154
1 0.13822115384615385 0.5012019230769231 0.1971153846153846 0.1778846153846154
1 0.8341346153846154 0.14423076923076922 0.2668269230769231 0.18269230769230768
1 0.2512019230769231 0.29086538461538464 0.2692307692307692 0.18269230769230768
1 0.9314903846153846 0.2608173076923077 0.13221153846153846 0.1778846153846154
1 0.375 0.8173076923076923 0.16826923076923078 0.15865384615384615
1 0.15985576923076922 0.7536057692307693 0.25 0.1875
1 0.32211538461538464 0.15504807692307693 0.25721153846153844 0.14903846153846154
1 0.3701923076923077 0.7211538461538461 0.18509615384615385 0.15384615384615385
1 0.7127403846153846 0.9326923076923077 0.2764423076923077 0.12980769230769232
2 0.7247596153846154 0.5456730769230769 0.49038461538461536 0.3894230769230769