1 0.1141826923076923 0.6754807692307693 0.16826923076923078 0.2644230769230769
1 0.08653846153846154 0.8918269230769231 0.17307692307692307 0.21153846153846154
1 0.27283653846153844 0.9158653846153846 0.2091346153846154 0.16346153846153846
1 0.5384615384615384 0.8689903846153846 0.19230769230769232 0.24759615384615385
1 0.6887019230769231 0.4951923076923077 0.19230769230769232 0.25721153846153844
1 0.21153846153846154 0.30528846153846156 0.16105769230769232 0.22596153846153846
1 0.07451923076923077 0.18870192307692307 0.14903846153846154 0.24519230769230768
1 0.36177884615384615 0.15264423076923078 0.15865384615384615 0.24278846153846154
1 0.5384615384615384 0.21875 0.16105769230769232 0.22115384615384615
1 0.7319711538461539 0.2403846153846154 0.1875 0.22355769230769232
1 0.9098557692307693 0.09495192307692307 0.1778846153846154 0.1875
1 0.7139423076923077 0.7572115384615384 0.16346153846153846 0.22355769230769232
1 0.4519230769230769 0.04807692307692308 0.15384615384615385 0.09134615384615384
1 0.23197115384615385 0.04807692307692308 0.1875 0.09134615384615384
2 0.375 0.6081730769230769 0.3942307692307692 0.5048076923076923
0 0.8293269230769231 0.4879807692307692 0.11298076923076923 0.14903846153846154
0 0.8076923076923077 0.8665865384615384 0.07692307692307693 0.09134615384615384