1 0.6802884615384616 0.5432692307692307 0.12980769230769232 0.32211538461538464
1 0.734375 0.8245192307692307 0.20192307692307693 0.22596153846153846
1 0.828125 0.5817307692307693 0.15865384615384615 0.20432692307692307
1 0.8677884615384616 0.39302884615384615 0.18269230769230768 0.22355769230769232
1 0.6129807692307693 0.19951923076923078 0.19230769230769232 0.25
1 0.5336538461538461 0.44350961538461536 0.1778846153846154 0.22115384615384615
1 0.390625 0.5841346153846154 0.19951923076923078 0.21634615384615385
1 0.9182692307692307 0.1502403846153846 0.15865384615384615 0.2860576923076923
1 0.9314903846153846 0.7271634615384616 0.13221153846153846 0.24759615384615385
1 0.41466346153846156 0.8112980769230769 0.15384615384615385 0.25
1 0.3173076923076923 0.8221153846153846 0.2091346153846154 0.27163461538461536
1 0.12860576923076922 0.33413461538461536 0.1778846153846154 0.23317307692307693
1 0.1141826923076923 0.20192307692307693 0.16105769230769232 0.20673076923076922
1 0.17548076923076922 0.65625 0.16346153846153846 0.19951923076923078
2 0.36899038461538464 0.21514423076923078 0.37740384615384615 0.4254807692307692
0 0.5396634615384616 0.7932692307692307 0.052884615384615384 0.0673076923076923
0 0.22596153846153846 0.021634615384615384 0.04326923076923077 0.038461538461538464