0 0.16947115384615385 0.5564903846153846 0.07211538461538461 0.08413461538461539
2 0.5637019230769231 0.5252403846153846 0.24519230769230768 0.31971153846153844
1 0.6514423076923077 0.3004807692307692 0.23076923076923078 0.22115384615384615
1 0.7776442307692307 0.5889423076923077 0.16346153846153846 0.22115384615384615
1 0.9194711538461539 0.7680288461538461 0.15865384615384615 0.22115384615384615
1 0.9194711538461539 0.8665865384615384 0.15865384615384615 0.22115384615384615
1 0.8233173076923077 0.9362980769230769 0.15625 0.12259615384615384
1 0.5865384615384616 0.7800480769230769 0.16826923076923078 0.13942307692307693
1 0.28725961538461536 0.34134615384615385 0.15625 0.23317307692307693
1 0.6213942307692307 0.1141826923076923 0.15865384615384615 0.22596153846153846
1 0.8629807692307693 0.36899038461538464 0.15625 0.23317307692307693
1 0.2860576923076923 0.8617788461538461 0.18269230769230768 0.21394230769230768
1 0.055288461538461536 0.6899038461538461 0.10817307692307693 0.22115384615384615
1 0.0889423076923077 0.2512019230769231 0.17307692307692307 0.21634615384615385
1 0.06971153846153846 0.08173076923076923 0.13701923076923078 0.15865384615384615
1 0.3245192307692308 0.15264423076923078 0.15625 0.23317307692307693
1 0.19591346153846154 0.0673076923076923 0.13942307692307693 0.12980769230769232