1 0.41586538461538464 0.3317307692307692 0.21394230769230768 0.25
1 0.19230769230769232 0.4891826923076923 0.16826923076923078 0.22115384615384615
1 0.06490384615384616 0.0733173076923077 0.12980769230769232 0.1466346153846154
1 0.11778846153846154 0.25600961538461536 0.2091346153846154 0.21875
1 0.5216346153846154 0.6033653846153846 0.16346153846153846 0.19230769230769232
1 0.47475961538461536 0.7415865384615384 0.17548076923076922 0.25240384615384615
1 0.4495192307692308 0.8653846153846154 0.17548076923076922 0.25240384615384615
1 0.7199519230769231 0.5300480769230769 0.19951923076923078 0.19230769230769232
1 0.8798076923076923 0.9206730769230769 0.19230769230769232 0.15384615384615385
1 0.8052884615384616 0.7379807692307693 0.23798076923076922 0.2692307692307692
1 0.625 0.8810096153846154 0.1778846153846154 0.23557692307692307
1 0.9134615384615384 0.07451923076923077 0.17067307692307693 0.14903846153846154
1 0.29447115384615385 0.8125 0.17307692307692307 0.23557692307692307
1 0.5673076923076923 0.09495192307692307 0.17548076923076922 0.1875
1 0.10216346153846154 0.65625 0.17307692307692307 0.23557692307692307
0 0.4230769230769231 0.08413461538461539 0.06971153846153846 0.10576923076923077
0 0.010817307692307692 0.1502403846153846 0.021634615384615384 0.11298076923076923
2 0.7451923076923077 0.25841346153846156 0.33653846153846156 0.3798076923076923