1 0.13822115384615385 0.14543269230769232 0.16105769230769232 0.20673076923076922
1 0.5901442307692307 0.09375 0.16105769230769232 0.18269230769230768
1 0.7163461538461539 0.2127403846153846 0.1875 0.2091346153846154
1 0.7680288461538461 0.4338942307692308 0.1658653846153846 0.20432692307692307
1 0.7295673076923077 0.65625 0.16826923076923078 0.21634615384615385
1 0.6045673076923077 0.484375 0.1466346153846154 0.22115384615384615
1 0.23557692307692307 0.7067307692307693 0.18269230769230768 0.21153846153846154
1 0.5192307692307693 0.7524038461538461 0.19230769230769232 0.25240384615384615
1 0.11778846153846154 0.8834134615384616 0.1875 0.23076923076923078
1 0.35697115384615385 0.8954326923076923 0.2091346153846154 0.20432692307692307
1 0.109375 0.5408653846153846 0.18269230769230768 0.2091346153846154
1 0.06610576923076923 0.453125 0.12740384615384615 0.21394230769230768
1 0.3858173076923077 0.5600961538461539 0.1875 0.23076923076923078
1 0.8377403846153846 0.8689903846153846 0.19230769230769232 0.25240384615384615
1 0.9122596153846154 0.5973557692307693 0.17307692307692307 0.2403846153846154
1 0.9074519230769231 0.109375 0.17548076923076922 0.21634615384615385
1 0.9314903846153846 0.3737980769230769 0.1346153846153846 0.22596153846153846
1 0.5384615384615384 0.9314903846153846 0.17307692307692307 0.13221153846153846
2 0.38221153846153844 0.23076923076923078 0.3629807692307692 0.45913461538461536