1 0.33052884615384615 0.19471153846153846 0.21634615384615385 0.16826923076923078
1 0.9050480769230769 0.27884615384615385 0.18509615384615385 0.1875
1 0.9314903846153846 0.4423076923076923 0.13221153846153846 0.1875
1 0.9387019230769231 0.6598557692307693 0.11778846153846154 0.19471153846153846
1 0.5997596153846154 0.06971153846153846 0.19471153846153846 0.1346153846153846
1 0.2860576923076923 0.6310096153846154 0.22115384615384615 0.16346153846153846
1 0.23798076923076922 0.4723557692307692 0.22115384615384615 0.16346153846153846
1 0.09375 0.07211538461538461 0.18269230769230768 0.14423076923076922
1 0.5612980769230769 0.35216346153846156 0.27884615384615385 0.21634615384615385
1 0.09254807692307693 0.5817307692307693 0.18028846153846154 0.16346153846153846
1 0.09254807692307693 0.6959134615384616 0.18028846153846154 0.16346153846153846
1 0.4639423076923077 0.7524038461538461 0.1875 0.16346153846153846
1 0.9471153846153846 0.8762019230769231 0.10096153846153846 0.2283653846153846
2 0.6935096153846154 0.5456730769230769 0.3701923076923077 0.3798076923076923
0 0.9675480769230769 0.18269230769230768 0.0625 0.057692307692307696