1 0.5673076923076923 0.8545673076923077 0.22115384615384615 0.16105769230769232
1 0.7944711538461539 0.6586538461538461 0.22115384615384615 0.16105769230769232
1 0.7451923076923077 0.8040865384615384 0.16826923076923078 0.15625
1 0.49399038461538464 0.6887019230769231 0.23557692307692307 0.18028846153846154
1 0.6298076923076923 0.5625 0.2403846153846154 0.21153846153846154
1 0.140625 0.24759615384615385 0.20192307692307693 0.18269230769230768
1 0.09134615384615384 0.12740384615384615 0.1778846153846154 0.1658653846153846
1 0.36778846153846156 0.2548076923076923 0.23076923076923078 0.21634615384615385
1 0.6526442307692307 0.1502403846153846 0.23076923076923078 0.1658653846153846
1 0.8569711538461539 0.8990384615384616 0.23317307692307693 0.1971153846153846
1 0.5625 0.3858173076923077 0.25961538461538464 0.1658653846153846
2 0.20072115384615385 0.6658653846153846 0.39663461538461536 0.39663461538461536
0 0.8834134615384616 0.75 0.06971153846153846 0.052884615384615384