2 0.6117788461538461 0.30408653846153844 0.3918269230769231 0.2860576923076923
0 0.7475961538461539 0.17908653846153846 0.0673076923076923 0.06490384615384616
0 0.030048076923076924 0.2620192307692308 0.055288461538461536 0.0673076923076923
0 0.46153846153846156 0.6658653846153846 0.0673076923076923 0.06490384615384616
1 0.4495192307692308 0.1045673076923077 0.20192307692307693 0.1875
1 0.5264423076923077 0.08653846153846154 0.20673076923076922 0.17307692307692307
1 0.4026442307692308 0.5456730769230769 0.20192307692307693 0.16826923076923078
1 0.2692307692307692 0.6298076923076923 0.20192307692307693 0.16826923076923078
1 0.15144230769230768 0.5336538461538461 0.23076923076923078 0.19230769230769232
1 0.23317307692307693 0.8245192307692307 0.23076923076923078 0.2283653846153846
1 0.4362980769230769 0.8497596153846154 0.2644230769230769 0.1778846153846154
1 0.8882211538461539 0.9507211538461539 0.21634615384615385 0.09615384615384616
1 0.9050480769230769 0.7632211538461539 0.18509615384615385 0.22115384615384615
1 0.921875 0.5300480769230769 0.15144230769230768 0.19471153846153846
1 0.6478365384615384 0.6935096153846154 0.22115384615384615 0.17307692307692307
1 0.16466346153846154 0.078125 0.2980769230769231 0.13942307692307693