1 0.042067307692307696 0.8016826923076923 0.07932692307692307 0.24759615384615385
1 0.36778846153846156 0.9459134615384616 0.21634615384615385 0.10576923076923077
1 0.25961538461538464 0.953125 0.17548076923076922 0.0889423076923077
1 0.8677884615384616 0.875 0.14903846153846154 0.1971153846153846
1 0.546875 0.7355769230769231 0.1875 0.19951923076923078
1 0.9074519230769231 0.17668269230769232 0.18269230769230768 0.23798076923076922
1 0.13942307692307693 0.3870192307692308 0.14182692307692307 0.19951923076923078
1 0.2403846153846154 0.6394230769230769 0.14182692307692307 0.19951923076923078
1 0.109375 0.5649038461538461 0.19230769230769232 0.24759615384615385
1 0.7788461538461539 0.703125 0.1778846153846154 0.15384615384615385
1 0.9278846153846154 0.6538461538461539 0.13942307692307693 0.19951923076923078
2 0.6502403846153846 0.3485576923076923 0.44711538461538464 0.5600961538461539