1 0.6911057692307693 0.7259615384615384 0.18990384615384615 0.2692307692307692
1 0.4807692307692308 0.7560096153846154 0.17307692307692307 0.18269230769230768
1 0.8389423076923077 0.5072115384615384 0.16826923076923078 0.3173076923076923
1 0.6682692307692307 0.31009615384615385 0.16346153846153846 0.22115384615384615
1 0.19230769230769232 0.9122596153846154 0.1875 0.17067307692307693
1 0.7584134615384616 0.06009615384615385 0.125 0.11538461538461539
1 0.40625 0.13221153846153846 0.21153846153846154 0.23076923076923078
1 0.5588942307692307 0.16947115384615385 0.14423076923076922 0.20673076923076922
1 0.0673076923076923 0.5757211538461539 0.1346153846153846 0.24278846153846154
1 0.8737980769230769 0.8389423076923077 0.16346153846153846 0.2403846153846154
1 0.9435096153846154 0.07932692307692307 0.10817307692307693 0.15384615384615385
2 0.4375 0.4579326923076923 0.32211538461538464 0.3798076923076923
1 0.21875 0.484375 0.17307692307692307 0.18269230769230768
1 0.29927884615384615 0.2283653846153846 0.20432692307692307 0.23557692307692307