1 0.9026442307692307 0.8112980769230769 0.18990384615384615 0.1658653846153846
1 0.828125 0.5564903846153846 0.21634615384615385 0.1778846153846154
1 0.7584134615384616 0.31009615384615385 0.1875 0.17307692307692307
1 0.7764423076923077 0.1045673076923077 0.27884615384615385 0.13221153846153846
1 0.5925480769230769 0.9086538461538461 0.28846153846153844 0.1778846153846154
1 0.6045673076923077 0.5769230769230769 0.21634615384615385 0.1778846153846154
1 0.5949519230769231 0.4567307692307692 0.21634615384615385 0.15384615384615385
1 0.24158653846153846 0.5432692307692307 0.21634615384615385 0.1778846153846154
1 0.3762019230769231 0.6322115384615384 0.22596153846153846 0.19230769230769232
1 0.47716346153846156 0.7427884615384616 0.22596153846153846 0.19230769230769232
1 0.27884615384615385 0.9194711538461539 0.22596153846153846 0.15865384615384615
1 0.5745192307692307 0.2776442307692308 0.20432692307692307 0.16346153846153846
1 0.5528846153846154 0.20432692307692307 0.20432692307692307 0.16346153846153846
1 0.3485576923076923 0.27403846153846156 0.21153846153846154 0.1971153846153846
1 0.13581730769230768 0.41225961538461536 0.21153846153846154 0.1971153846153846
1 0.9230769230769231 0.38822115384615385 0.14903846153846154 0.24759615384615385
1 0.26802884615384615 0.7788461538461539 0.19230769230769232 0.15865384615384615
1 0.15384615384615385 0.7572115384615384 0.19230769230769232 0.15865384615384615
2 0.1045673076923077 0.203125 0.20432692307692307 0.3317307692307692