1 0.5793269230769231 0.6923076923076923 0.17307692307692307 0.22596153846153846
1 0.7367788461538461 0.625 0.15384615384615385 0.22115384615384615
1 0.5396634615384616 0.4387019230769231 0.15384615384615385 0.22115384615384615
1 0.7800480769230769 0.39302884615384615 0.1778846153846154 0.23076923076923078
1 0.0985576923076923 0.31490384615384615 0.1778846153846154 0.23076923076923078
1 0.6923076923076923 0.11658653846153846 0.18269230769230768 0.23317307692307693
1 0.27283653846153844 0.3293269230769231 0.20673076923076922 0.24278846153846154
1 0.3641826923076923 0.37740384615384615 0.25961538461538464 0.1875
1 0.3137019230769231 0.6310096153846154 0.2283653846153846 0.21634615384615385
1 0.17548076923076922 0.71875 0.18269230769230768 0.22596153846153846
1 0.14903846153846154 0.921875 0.16346153846153846 0.15384615384615385
2 0.8088942307692307 0.859375 0.3076923076923077 0.2764423076923077