1 0.10336538461538461 0.2536057692307692 0.18990384615384615 0.21153846153846154
1 0.10096153846153846 0.4675480769230769 0.18028846153846154 0.20192307692307693
1 0.22596153846153846 0.6670673076923077 0.18269230769230768 0.22596153846153846
1 0.11177884615384616 0.8233173076923077 0.1875 0.21153846153846154
1 0.32091346153846156 0.8617788461538461 0.1875 0.18509615384615385
1 0.4735576923076923 0.8629807692307693 0.19230769230769232 0.20673076923076922
1 0.6646634615384616 0.8810096153846154 0.1778846153846154 0.23317307692307693
1 0.7908653846153846 0.8665865384615384 0.16826923076923078 0.18269230769230768
1 0.8064903846153846 0.6586538461538461 0.16346153846153846 0.23798076923076922
1 0.8954326923076923 0.5516826923076923 0.20192307692307693 0.16826923076923078
1 0.8617788461538461 0.36658653846153844 0.20432692307692307 0.1778846153846154
1 0.6021634615384616 0.20673076923076922 0.18269230769230768 0.21153846153846154
1 0.8701923076923077 0.12860576923076922 0.19230769230769232 0.25721153846153844
1 0.3641826923076923 0.3269230769230769 0.19951923076923078 0.2932692307692308
2 0.5600961538461539 0.5168269230769231 0.3701923076923077 0.4807692307692308