1 0.4170673076923077 0.7692307692307693 0.17548076923076922 0.22596153846153846
1 0.2283653846153846 0.7235576923076923 0.20192307692307693 0.23557692307692307
1 0.2512019230769231 0.9158653846153846 0.21153846153846154 0.16346153846153846
1 0.4423076923076923 0.47115384615384615 0.20432692307692307 0.23076923076923078
1 0.6802884615384616 0.22956730769230768 0.20432692307692307 0.23076923076923078
1 0.5048076923076923 0.1971153846153846 0.15625 0.21153846153846154
1 0.38221153846153844 0.27163461538461536 0.16105769230769232 0.19471153846153846
1 0.07091346153846154 0.10697115384615384 0.14182692307692307 0.2091346153846154
1 0.07091346153846154 0.3485576923076923 0.13942307692307693 0.22115384615384615
1 0.19591346153846154 0.49158653846153844 0.1778846153846154 0.25
1 0.6490384615384616 0.9014423076923077 0.1778846153846154 0.19230769230769232
1 0.7680288461538461 0.7596153846153846 0.1778846153846154 0.23557692307692307
1 0.7776442307692307 0.5324519230769231 0.1778846153846154 0.23557692307692307
2 0.6069711538461539 0.6382211538461539 0.1875 0.2668269230769231
0 0.9795673076923077 0.09254807692307693 0.038461538461538464 0.09134615384615384