1 0.8377403846153846 0.6622596153846154 0.20432692307692307 0.27163461538461536
1 0.75 0.32572115384615385 0.18269230769230768 0.2764423076923077
1 0.22115384615384615 0.6117788461538461 0.15625 0.23317307692307693
1 0.5120192307692307 0.8725961538461539 0.15625 0.23317307692307693
1 0.8161057692307693 0.9050480769230769 0.17548076923076922 0.18509615384615385
1 0.056490384615384616 0.28966346153846156 0.10817307692307693 0.23317307692307693
1 0.2980769230769231 0.4014423076923077 0.17067307692307693 0.2283653846153846
1 0.20432692307692307 0.23317307692307693 0.18990384615384615 0.22115384615384615
1 0.3918269230769231 0.21514423076923078 0.18990384615384615 0.22115384615384615
1 0.9242788461538461 0.29086538461538464 0.14903846153846154 0.22596153846153846
1 0.6887019230769231 0.8004807692307693 0.16346153846153846 0.22596153846153846
1 0.19471153846153846 0.09375 0.15384615384615385 0.1658653846153846
1 0.08052884615384616 0.8858173076923077 0.16105769230769232 0.22355769230769232
1 0.3557692307692308 0.6754807692307693 0.11778846153846154 0.2980769230769231
1 0.6069711538461539 0.12860576923076922 0.17067307692307693 0.23076923076923078
1 0.07091346153846154 0.5384615384615384 0.13701923076923078 0.23557692307692307
1 0.9206730769230769 0.0733173076923077 0.15384615384615385 0.14182692307692307
0 0.7199519230769231 0.04567307692307692 0.09375 0.08653846153846154
0 0.47596153846153844 0.12259615384615384 0.057692307692307696 0.052884615384615384
2 0.5372596153846154 0.49158653846153844 0.40625 0.4855769230769231