1 0.5588942307692307 0.6995192307692307 0.21153846153846154 0.13942307692307693
1 0.5588942307692307 0.796875 0.21153846153846154 0.13942307692307693
1 0.13942307692307693 0.7103365384615384 0.21153846153846154 0.15865384615384615
1 0.08774038461538461 0.4206730769230769 0.17067307692307693 0.15865384615384615
1 0.3942307692307692 0.5408653846153846 0.24519230769230768 0.1346153846153846
1 0.30528846153846156 0.11298076923076923 0.24278846153846154 0.16105769230769232
1 0.6959134615384616 0.04447115384615385 0.2403846153846154 0.08653846153846154
2 0.3894230769230769 0.3293269230769231 0.41586538461538464 0.3605769230769231
1 0.75 0.71875 0.20673076923076922 0.17067307692307693
1 0.7824519230769231 0.5540865384615384 0.20673076923076922 0.17067307692307693
1 0.8509615384615384 0.4483173076923077 0.20673076923076922 0.18509615384615385