1 0.6875 0.1658653846153846 0.18269230769230768 0.19230769230769232
1 0.8713942307692307 0.12860576923076922 0.17307692307692307 0.1875
1 0.5841346153846154 0.7151442307692307 0.18269230769230768 0.19230769230769232
1 0.30408653846153844 0.8016826923076923 0.18269230769230768 0.22596153846153846
1 0.27524038461538464 0.5661057692307693 0.14423076923076922 0.22596153846153846
1 0.06850961538461539 0.3918269230769231 0.1346153846153846 0.2668269230769231
1 0.7043269230769231 0.4891826923076923 0.15384615384615385 0.21153846153846154
1 0.5504807692307693 0.3016826923076923 0.15384615384615385 0.21153846153846154
1 0.8389423076923077 0.2704326923076923 0.15625 0.1875
1 0.4855769230769231 0.8329326923076923 0.1778846153846154 0.25
2 0.3701923076923077 0.3004807692307692 0.20673076923076922 0.27884615384615385
0 0.7644230769230769 0.5612980769230769 0.052884615384615384 0.0673076923076923
2 0.0673076923076923 0.6838942307692307 0.12980769230769232 0.25961538461538464