2 0.328125 0.6658653846153846 0.22115384615384615 0.25240384615384615
0 0.23197115384615385 0.49158653846153844 0.08413461538461539 0.10576923076923077
1 0.8497596153846154 0.29927884615384615 0.18509615384615385 0.25240384615384615
1 0.7223557692307693 0.6766826923076923 0.13942307692307693 0.19951923076923078
1 0.9350961538461539 0.8569711538461539 0.125 0.20192307692307693
1 0.6682692307692307 0.8125 0.20673076923076922 0.25240384615384615
1 0.49278846153846156 0.8497596153846154 0.20673076923076922 0.25240384615384615
1 0.65625 0.47115384615384615 0.18269230769230768 0.20192307692307693
1 0.6682692307692307 0.22355769230769232 0.17548076923076922 0.2644230769230769
1 0.33653846153846156 0.34134615384615385 0.16105769230769232 0.23557692307692307
1 0.13581730769230768 0.42427884615384615 0.16105769230769232 0.23557692307692307
1 0.052884615384615384 0.4254807692307692 0.10576923076923077 0.3173076923076923
1 0.4987980769230769 0.6310096153846154 0.16105769230769232 0.23557692307692307
1 0.5036057692307693 0.3918269230769231 0.16105769230769232 0.23557692307692307
1 0.4723557692307692 0.125 0.21634615384615385 0.25
1 0.2956730769230769 0.08413461538461539 0.16826923076923078 0.16826923076923078
1 0.8197115384615384 0.11778846153846154 0.23317307692307693 0.23557692307692307
1 0.037259615384615384 0.6454326923076923 0.07211538461538461 0.24519230769230768
1 0.109375 0.11778846153846154 0.16346153846153846 0.23557692307692307