1 0.2620192307692308 0.21634615384615385 0.18269230769230768 0.22115384615384615
1 0.4567307692307692 0.22716346153846154 0.1346153846153846 0.22115384615384615
1 0.5132211538461539 0.9290865384615384 0.15865384615384615 0.13942307692307693
1 0.5552884615384616 0.5060096153846154 0.14903846153846154 0.23076923076923078
1 0.5829326923076923 0.203125 0.12259615384615384 0.19951923076923078
1 0.14302884615384615 0.6622596153846154 0.16346153846153846 0.24519230769230768
1 0.21033653846153846 0.8533653846153846 0.15384615384615385 0.1875
1 0.07091346153846154 0.9314903846153846 0.13942307692307693 0.1346153846153846
1 0.28966346153846156 0.9591346153846154 0.16346153846153846 0.07692307692307693
1 0.42908653846153844 0.7175480769230769 0.15384615384615385 0.1875
1 0.3389423076923077 0.6586538461538461 0.15865384615384615 0.22596153846153846
1 0.9266826923076923 0.9086538461538461 0.14423076923076922 0.1778846153846154
1 0.9543269230769231 0.6826923076923077 0.08653846153846154 0.25961538461538464
2 0.7331730769230769 0.78125 0.3701923076923077 0.4326923076923077
0 0.24639423076923078 0.3449519230769231 0.0673076923076923 0.08653846153846154
0 0.037259615384615384 0.5817307692307693 0.07211538461538461 0.09134615384615384