1 0.09735576923076923 0.8245192307692307 0.17307692307692307 0.2548076923076923
1 0.04807692307692308 0.6730769230769231 0.09375 0.20673076923076922
1 0.09615384615384616 0.4831730769230769 0.1875 0.24519230769230768
1 0.7163461538461539 0.5216346153846154 0.16346153846153846 0.22596153846153846
1 0.4170673076923077 0.8461538461538461 0.13701923076923078 0.23076923076923078
1 0.3485576923076923 0.8485576923076923 0.16346153846153846 0.22596153846153846
1 0.7920673076923077 0.1502403846153846 0.1875 0.2620192307692308
1 0.16105769230769232 0.06850961538461539 0.1875 0.13701923076923078
1 0.8040865384615384 0.8725961538461539 0.16346153846153846 0.22596153846153846
1 0.703125 0.7992788461538461 0.14903846153846154 0.17548076923076922
1 0.36177884615384615 0.6165865384615384 0.15865384615384615 0.21634615384615385
2 0.5492788461538461 0.31850961538461536 0.31971153846153844 0.4423076923076923
0 0.12620192307692307 0.2776442307692308 0.052884615384615384 0.0889423076923077