2 0.6225961538461539 0.43509615384615385 0.4182692307692308 0.31490384615384615
1 0.27163461538461536 0.09254807692307693 0.23076923076923078 0.18509615384615385
1 0.1141826923076923 0.15865384615384615 0.22115384615384615 0.18269230769230768
1 0.20072115384615385 0.24759615384615385 0.23076923076923078 0.18028846153846154
1 0.3389423076923077 0.3112980769230769 0.23557692307692307 0.1466346153846154
1 0.2824519230769231 0.3473557692307692 0.23557692307692307 0.1466346153846154
1 0.25240384615384615 0.38341346153846156 0.23557692307692307 0.1466346153846154
1 0.23076923076923078 0.4387019230769231 0.23557692307692307 0.1466346153846154
1 0.2704326923076923 0.8533653846153846 0.22115384615384615 0.17307692307692307
1 0.11538461538461539 0.9146634615384616 0.22115384615384615 0.16826923076923078
1 0.8942307692307693 0.8798076923076923 0.20673076923076922 0.1778846153846154
1 0.8173076923076923 0.8990384615384616 0.23557692307692307 0.19951923076923078
1 0.6442307692307693 0.0985576923076923 0.23557692307692307 0.1971153846153846
1 0.7776442307692307 0.17908653846153846 0.23317307692307693 0.20192307692307693
1 0.8497596153846154 0.09975961538461539 0.23798076923076922 0.19951923076923078
1 0.9362980769230769 0.5024038461538461 0.12259615384615384 0.20192307692307693
1 0.054086538461538464 0.44711538461538464 0.10336538461538461 0.14182692307692307
1 0.046875 0.5168269230769231 0.0889423076923077 0.1346153846153846