1 0.6502403846153846 0.6322115384615384 0.22115384615384615 0.18269230769230768
1 0.3605769230769231 0.609375 0.22115384615384615 0.18269230769230768
1 0.15865384615384615 0.6682692307692307 0.22115384615384615 0.18269230769230768
1 0.7704326923076923 0.30408653846153844 0.22115384615384615 0.18269230769230768
1 0.9122596153846154 0.16466346153846154 0.17067307692307693 0.13701923076923078
1 0.3894230769230769 0.29447115384615385 0.21634615384615385 0.1658653846153846
1 0.34375 0.171875 0.21634615384615385 0.1658653846153846
1 0.1814903846153846 0.2776442307692308 0.20192307692307693 0.17307692307692307
1 0.7680288461538461 0.8341346153846154 0.20192307692307693 0.17307692307692307
1 0.3786057692307692 0.8064903846153846 0.22115384615384615 0.19951923076923078
1 0.5564903846153846 0.9266826923076923 0.2692307692307692 0.14423076923076922
1 0.9122596153846154 0.6370192307692307 0.17067307692307693 0.1778846153846154
1 0.9002403846153846 0.7019230769230769 0.19471153846153846 0.1778846153846154
1 0.22716346153846154 0.921875 0.20432692307692307 0.15384615384615385
2 0.6334134615384616 0.11057692307692307 0.46875 0.22115384615384615
0 0.5492788461538461 0.2956730769230769 0.10336538461538461 0.0625