1 0.1141826923076923 0.5721153846153846 0.15384615384615385 0.21875
1 0.2403846153846154 0.7391826923076923 0.20673076923076922 0.24519230769230768
1 0.12740384615384615 0.27163461538461536 0.18028846153846154 0.25
1 0.5336538461538461 0.3894230769230769 0.19951923076923078 0.24519230769230768
1 0.8581730769230769 0.7019230769230769 0.18509615384615385 0.24519230769230768
1 0.31850961538461536 0.3629807692307692 0.2091346153846154 0.24278846153846154
1 0.59375 0.6754807692307693 0.15144230769230768 0.20192307692307693
1 0.6911057692307693 0.7788461538461539 0.15144230769230768 0.20192307692307693
1 0.9435096153846154 0.9314903846153846 0.10817307692307693 0.13221153846153846
1 0.921875 0.4543269230769231 0.15384615384615385 0.1875
1 0.9254807692307693 0.3581730769230769 0.14423076923076922 0.23557692307692307
1 0.38221153846153844 0.5985576923076923 0.1778846153846154 0.35096153846153844
1 0.22115384615384615 0.9387019230769231 0.21153846153846154 0.11778846153846154
1 0.6033653846153846 0.8088942307692307 0.13701923076923078 0.17307692307692307
0 0.3293269230769231 0.13942307692307693 0.06971153846153846 0.08173076923076923
0 0.45913461538461536 0.5480769230769231 0.07211538461538461 0.08413461538461539
0 0.7223557692307693 0.6274038461538461 0.052884615384615384 0.10576923076923077
0 0.8798076923076923 0.9675480769230769 0.07692307692307693 0.06009615384615385
2 0.7283653846153846 0.20432692307692307 0.37740384615384615 0.40625