2 0.36778846153846156 0.5432692307692307 0.42788461538461536 0.32211538461538464
1 0.7259615384615384 0.8990384615384616 0.23076923076923078 0.19471153846153846
1 0.8858173076923077 0.8257211538461539 0.22355769230769232 0.1875
1 0.7992788461538461 0.7355769230769231 0.23557692307692307 0.18269230769230768
1 0.6586538461538461 0.6694711538461539 0.2403846153846154 0.14903846153846154
1 0.7151442307692307 0.6334134615384616 0.2403846153846154 0.14903846153846154
1 0.7463942307692307 0.5961538461538461 0.2403846153846154 0.14903846153846154
1 0.7692307692307693 0.5396634615384616 0.2403846153846154 0.14903846153846154
1 0.7283653846153846 0.1141826923076923 0.22596153846153846 0.17548076923076922
1 0.8846153846153846 0.07091346153846154 0.22596153846153846 0.13701923076923078
1 0.0985576923076923 0.09014423076923077 0.1971153846153846 0.17548076923076922
1 0.16947115384615385 0.08533653846153846 0.2403846153846154 0.16826923076923078
1 0.3449519230769231 0.8918269230769231 0.2403846153846154 0.20673076923076922
1 0.21033653846153846 0.8052884615384616 0.2403846153846154 0.20673076923076922
1 0.1346153846153846 0.890625 0.2403846153846154 0.20673076923076922
1 0.055288461538461536 0.47475961538461536 0.11057692307692307 0.20432692307692307
1 0.9471153846153846 0.53125 0.10096153846153846 0.14423076923076922
1 0.9543269230769231 0.46033653846153844 0.08653846153846154 0.13942307692307693