1 0.31850961538461536 0.65625 0.19230769230769232 0.20673076923076922
1 0.4699519230769231 0.3161057692307692 0.1875 0.2668269230769231
1 0.2127403846153846 0.4831730769230769 0.1778846153846154 0.24759615384615385
1 0.7055288461538461 0.18389423076923078 0.21153846153846154 0.21153846153846154
1 0.9411057692307693 0.640625 0.11538461538461539 0.2980769230769231
1 0.3942307692307692 0.8665865384615384 0.20432692307692307 0.2403846153846154
1 0.22716346153846154 0.875 0.13221153846153846 0.24519230769230768
1 0.07692307692307693 0.33052884615384615 0.15144230769230768 0.25961538461538464
1 0.07091346153846154 0.6274038461538461 0.13942307692307693 0.2283653846153846
1 0.06850961538461539 0.9098557692307693 0.1346153846153846 0.1778846153846154
1 0.42788461538461536 0.10817307692307693 0.1875 0.21153846153846154
0 0.18629807692307693 0.6430288461538461 0.04807692307692308 0.06490384615384616
0 0.35697115384615385 0.4987980769230769 0.08173076923076923 0.09615384615384616
2 0.5721153846153846 0.625 0.3076923076923077 0.36538461538461536