2 0.7007211538461539 0.4375 0.30288461538461536 0.375
2 0.6033653846153846 0.1346153846153846 0.23557692307692307 0.2644230769230769
0 0.8521634615384616 0.25721153846153844 0.06009615384615385 0.09134615384615384
0 0.11057692307692307 0.7800480769230769 0.06009615384615385 0.09134615384615384
1 0.3016826923076923 0.5841346153846154 0.20673076923076922 0.2932692307692308
1 0.23557692307692307 0.2548076923076923 0.16826923076923078 0.24519230769230768
1 0.08413461538461539 0.17548076923076922 0.16826923076923078 0.25
1 0.18509615384615385 0.07572115384615384 0.1778846153846154 0.1466346153846154
1 0.8798076923076923 0.8966346153846154 0.1346153846153846 0.20192307692307693
1 0.8257211538461539 0.8521634615384616 0.13221153846153846 0.23317307692307693
1 0.7764423076923077 0.8161057692307693 0.1346153846153846 0.23317307692307693
1 0.7079326923076923 0.7740384615384616 0.1346153846153846 0.23317307692307693
1 0.6286057692307693 0.7115384615384616 0.1346153846153846 0.23317307692307693
1 0.9350961538461539 0.29447115384615385 0.12740384615384615 0.23557692307692307
1 0.9471153846153846 0.14543269230769232 0.10096153846153846 0.23798076923076922
1 0.21634615384615385 0.8461538461538461 0.11538461538461539 0.22115384615384615
1 0.28846153846153844 0.8485576923076923 0.12980769230769232 0.21875
1 0.5096153846153846 0.8605769230769231 0.14903846153846154 0.22115384615384615
1 0.41225961538461536 0.2860576923076923 0.1778846153846154 0.24759615384615385