1 0.2860576923076923 0.2283653846153846 0.1658653846153846 0.22355769230769232
1 0.7211538461538461 0.5264423076923077 0.1778846153846154 0.2283653846153846
1 0.49158653846153844 0.30528846153846156 0.13701923076923078 0.21153846153846154
1 0.41947115384615385 0.4495192307692308 0.17548076923076922 0.2692307692307692
1 0.5973557692307693 0.16947115384615385 0.1466346153846154 0.2283653846153846
1 0.25240384615384615 0.6310096153846154 0.21153846153846154 0.24519230769230768
1 0.11899038461538461 0.31971153846153844 0.21153846153846154 0.2668269230769231
1 0.8713942307692307 0.40024038461538464 0.22115384615384615 0.17307692307692307
1 0.9206730769230769 0.8834134615384616 0.15384615384615385 0.21394230769230768
1 0.9086538461538461 0.08052884615384616 0.14423076923076922 0.15865384615384615
1 0.7271634615384616 0.1935096153846154 0.16826923076923078 0.2548076923076923
1 0.41346153846153844 0.0733173076923077 0.19230769230769232 0.14182692307692307
1 0.04927884615384615 0.8689903846153846 0.09615384615384616 0.25721153846153844
2 0.5721153846153846 0.7872596153846154 0.39663461538461536 0.4230769230769231