1 0.5649038461538461 0.27403846153846156 0.18990384615384615 0.21634615384615385
1 0.39903846153846156 0.21394230769230768 0.14423076923076922 0.20192307692307693
1 0.3762019230769231 0.42908653846153844 0.14423076923076922 0.20192307692307693
1 0.265625 0.6069711538461539 0.14423076923076922 0.20192307692307693
1 0.6586538461538461 0.33653846153846156 0.12740384615384615 0.17067307692307693
1 0.20552884615384615 0.9122596153846154 0.15865384615384615 0.17067307692307693
1 0.4987980769230769 0.9086538461538461 0.18509615384615385 0.1778846153846154
1 0.8990384615384616 0.9086538461538461 0.18509615384615385 0.1778846153846154
1 0.1201923076923077 0.20793269230769232 0.18269230769230768 0.21153846153846154
1 0.2956730769230769 0.0829326923076923 0.21394230769230768 0.1658653846153846
1 0.0625 0.8269230769230769 0.12259615384615384 0.21875
1 0.04567307692307692 0.5625 0.08653846153846154 0.28365384615384615
1 0.8485576923076923 0.30288461538461536 0.18269230769230768 0.2620192307692308
1 0.875 0.7163461538461539 0.18269230769230768 0.2620192307692308
2 0.71875 0.6298076923076923 0.20432692307692307 0.28365384615384615
0 0.4963942307692308 0.4495192307692308 0.06971153846153846 0.08653846153846154
0 0.5817307692307693 0.5853365384615384 0.06971153846153846 0.08653846153846154
1 0.1814903846153846 0.5865384615384616 0.10336538461538461 0.18028846153846154