1 0.18028846153846154 0.29447115384615385 0.16105769230769232 0.25961538461538464
1 0.46875 0.2980769230769231 0.16105769230769232 0.25961538461538464
1 0.5925480769230769 0.14182692307692307 0.21634615384615385 0.23557692307692307
1 0.7632211538461539 0.14182692307692307 0.16826923076923078 0.20432692307692307
1 0.8377403846153846 0.3293269230769231 0.16826923076923078 0.20432692307692307
1 0.6838942307692307 0.3473557692307692 0.16826923076923078 0.20192307692307693
1 0.7764423076923077 0.5432692307692307 0.17307692307692307 0.23557692307692307
1 0.6862980769230769 0.890625 0.17548076923076922 0.21394230769230768
1 0.609375 0.5564903846153846 0.17307692307692307 0.23557692307692307
1 0.25961538461538464 0.921875 0.27163461538461536 0.15144230769230768
2 0.3173076923076923 0.6225961538461539 0.32211538461538464 0.4855769230769231