1 0.8581730769230769 0.6382211538461539 0.15865384615384615 0.2548076923076923
1 0.8389423076923077 0.23918269230769232 0.15865384615384615 0.2548076923076923
1 0.6911057692307693 0.6875 0.15865384615384615 0.2548076923076923
1 0.1935096153846154 0.7848557692307693 0.1778846153846154 0.25
1 0.5997596153846154 0.41466346153846156 0.16826923076923078 0.23798076923076922
1 0.5889423076923077 0.2127403846153846 0.17307692307692307 0.1875
1 0.078125 0.6033653846153846 0.15384615384615385 0.20192307692307693
1 0.5588942307692307 0.8990384615384616 0.18509615384615385 0.1971153846153846
1 0.7103365384615384 0.9170673076923077 0.16105769230769232 0.16105769230769232
1 0.3737980769230769 0.3701923076923077 0.20432692307692307 0.20432692307692307
1 0.44711538461538464 0.0889423076923077 0.18269230769230768 0.17307692307692307
2 0.4230769230769231 0.6634615384615384 0.37259615384615385 0.4375
0 0.07211538461538461 0.7475961538461539 0.052884615384615384 0.08413461538461539