1 0.0985576923076923 0.7307692307692307 0.1971153846153846 0.19471153846153846
1 0.9170673076923077 0.6995192307692307 0.16105769230769232 0.18509615384615385
1 0.6141826923076923 0.07211538461538461 0.22596153846153846 0.14182692307692307
1 0.30649038461538464 0.9086538461538461 0.18028846153846154 0.1778846153846154
1 0.3762019230769231 0.6237980769230769 0.20673076923076922 0.19230769230769232
1 0.7788461538461539 0.8125 0.20673076923076922 0.19230769230769232
1 0.7487980769230769 0.5264423076923077 0.21875 0.18269230769230768
1 0.16105769230769232 0.13221153846153846 0.25 0.1875
1 0.3269230769230769 0.07091346153846154 0.20673076923076922 0.13942307692307693
0 0.21754807692307693 0.5649038461538461 0.07692307692307693 0.057692307692307696
2 0.7415865384615384 0.2980769230769231 0.38461538461538464 0.3317307692307692