1 0.09134615384615384 0.234375 0.15865384615384615 0.20192307692307693
1 0.054086538461538464 0.4639423076923077 0.10817307692307693 0.2860576923076923
1 0.5865384615384616 0.6322115384615384 0.20192307692307693 0.24519230769230768
1 0.7079326923076923 0.36899038461538464 0.16346153846153846 0.23317307692307693
1 0.35216346153846156 0.2644230769230769 0.16105769230769232 0.25240384615384615
1 0.9158653846153846 0.5036057692307693 0.1658653846153846 0.2403846153846154
1 0.5865384615384616 0.9146634615384616 0.17307692307692307 0.1658653846153846
1 0.22235576923076922 0.7331730769230769 0.21394230769230768 0.21153846153846154
1 0.1778846153846154 0.5576923076923077 0.20192307692307693 0.27884615384615385
1 0.5408653846153846 0.2403846153846154 0.20192307692307693 0.21634615384615385
1 0.36899038461538464 0.9242788461538461 0.20432692307692307 0.1466346153846154
0 0.3557692307692308 0.06971153846153846 0.0625 0.09615384615384616
0 0.46153846153846156 0.8413461538461539 0.0625 0.0889423076923077
2 0.7668269230769231 0.8353365384615384 0.25961538461538464 0.3245192307692308