1 0.6766826923076923 0.45072115384615385 0.12740384615384615 0.3173076923076923
1 0.7307692307692307 0.17307692307692307 0.19951923076923078 0.22355769230769232
1 0.8233173076923077 0.41225961538461536 0.15865384615384615 0.20192307692307693
1 0.8617788461538461 0.5985576923076923 0.1778846153846154 0.21875
1 0.609375 0.7896634615384616 0.18990384615384615 0.24759615384615385
1 0.53125 0.5480769230769231 0.17548076923076922 0.21634615384615385
1 0.3894230769230769 0.4098557692307692 0.1971153846153846 0.21634615384615385
1 0.9158653846153846 0.8425480769230769 0.16346153846153846 0.28125
1 0.9290865384615384 0.2692307692307692 0.13701923076923078 0.24519230769230768
1 0.41346153846153844 0.18629807692307693 0.15384615384615385 0.24759615384615385
1 0.3173076923076923 0.17548076923076922 0.20673076923076922 0.2692307692307692
1 0.12980769230769232 0.6574519230769231 0.17307692307692307 0.23076923076923078
1 0.11658653846153846 0.7872596153846154 0.15865384615384615 0.20192307692307693
1 0.17668269230769232 0.3401442307692308 0.16105769230769232 0.1971153846153846
2 0.36899038461538464 0.78125 0.37259615384615385 0.4326923076923077
0 0.5372596153846154 0.203125 0.052884615384615384 0.0673076923076923
0 0.22716346153846154 0.9723557692307693 0.04326923076923077 0.05048076923076923